problem,run,condition_mode,gen,bmem_count,boundary_count,bmem_ref_coverage,finite_gap_count,inf_gap_count,median_gap,max_gap,train_count,query_count,condition_dim,train_param_ratio,gan_sample_reuse,train_pair_dec_dist50,train_pair_dec_dist90,train_tau_iqr,train_tau_range,train_tau_nonzero_rate,train_x_rec90,train_y_rec90,sample_z_mode,missing_ref_query_count,large_gap_query_count,raw_generated_count,feasible_generated_count,generated_per_train,boundary_dist50,boundary_dist90,query_width90,segment_width90,segment_width90_ratio,side_rate,pair_margin50,ref_cover,query_obj_dist50,query_obj_dist90,missing_ref_query_obj_dist90,large_gap_query_obj_dist90,feasible_rate,boundary_sample_current_count,boundary_sample_prev_pair_count,boundary_sample_merged_count,boundary_sample_finite_count,boundary_feasible_count,boundary_infeasible_count,boundary_main_feasible_count,boundary_ref_with_main_feasible_count,boundary_ref_with_neighbor_infeasible_count,boundary_ref_pairable_count,boundary_pair_distance_count,boundary_pair_dominated_skip_count,boundary_pair_appended_count,boundary_candidate_raw_count,boundary_candidate_finite_count,boundary_candidate_pareto_count,boundary_candidate_gap_count,boundary_candidate_dedup_count,boundary_candidate_final_count,dataset_bmem_input_count,dataset_valid_train_count,dataset_invalid_train_count,dataset_query_count
LIRCMOP6_BC,1,ref_tau,1,0,0,NaN,0,0,NaN,NaN,0,0,3,0,NaN,NaN,NaN,NaN,NaN,NaN,NaN,NaN,zero,0,0,0,0,NaN,NaN,NaN,NaN,NaN,NaN,NaN,NaN,NaN,NaN,NaN,NaN,NaN,NaN,400,0,400,400,400,0,5,5,0,0,0,0,0,0,0,0,0,0,0,0,0,0,0
LIRCMOP6_BC,1,ref_tau,2,0,0,NaN,0,0,NaN,NaN,0,0,3,0,NaN,NaN,NaN,NaN,NaN,NaN,NaN,NaN,zero,0,0,0,0,NaN,NaN,NaN,NaN,NaN,NaN,NaN,NaN,NaN,NaN,NaN,NaN,NaN,NaN,400,0,400,400,400,0,11,9,0,0,0,0,0,0,0,0,0,0,0,0,0,0,0
LIRCMOP6_BC,1,ref_tau,3,0,0,NaN,0,0,NaN,NaN,0,0,3,0,NaN,NaN,NaN,NaN,NaN,NaN,NaN,NaN,zero,0,0,0,0,NaN,NaN,NaN,NaN,NaN,NaN,NaN,NaN,NaN,NaN,NaN,NaN,NaN,NaN,400,0,400,400,400,0,13,10,0,0,0,0,0,0,0,0,0,0,0,0,0,0,0
LIRCMOP6_BC,1,ref_tau,4,0,0,NaN,0,0,NaN,NaN,0,0,3,0,NaN,NaN,NaN,NaN,NaN,NaN,NaN,NaN,zero,0,0,0,0,NaN,NaN,NaN,NaN,NaN,NaN,NaN,NaN,NaN,NaN,NaN,NaN,NaN,NaN,400,0,400,400,400,0,9,8,0,0,0,0,0,0,0,0,0,0,0,0,0,0,0
LIRCMOP6_BC,1,ref_tau,5,0,0,NaN,0,0,NaN,NaN,0,0,3,0,NaN,NaN,NaN,NaN,NaN,NaN,NaN,NaN,zero,0,0,0,0,NaN,NaN,NaN,NaN,NaN,NaN,NaN,NaN,NaN,NaN,NaN,NaN,NaN,NaN,400,0,400,400,400,0,11,8,0,0,0,0,0,0,0,0,0,0,0,0,0,0,0
LIRCMOP6_BC,1,ref_tau,6,0,0,NaN,0,0,NaN,NaN,0,0,3,0,NaN,NaN,NaN,NaN,NaN,NaN,NaN,NaN,zero,0,0,0,0,NaN,NaN,NaN,NaN,NaN,NaN,NaN,NaN,NaN,NaN,NaN,NaN,NaN,NaN,400,0,400,400,400,0,12,7,0,0,0,0,0,0,0,0,0,0,0,0,0,0,0
LIRCMOP6_BC,1,ref_tau,7,0,0,NaN,0,0,NaN,NaN,0,0,3,0,NaN,NaN,NaN,NaN,NaN,NaN,NaN,NaN,zero,0,0,0,0,NaN,NaN,NaN,NaN,NaN,NaN,NaN,NaN,NaN,NaN,NaN,NaN,NaN,NaN,400,0,400,400,400,0,21,12,0,0,0,0,0,0,0,0,0,0,0,0,0,0,0
LIRCMOP6_BC,1,ref_tau,8,0,0,NaN,0,0,NaN,NaN,0,0,3,0,NaN,NaN,NaN,NaN,NaN,NaN,NaN,NaN,zero,0,0,0,0,NaN,NaN,NaN,NaN,NaN,NaN,NaN,NaN,NaN,NaN,NaN,NaN,NaN,NaN,400,0,400,400,400,0,19,8,0,0,0,0,0,0,0,0,0,0,0,0,0,0,0
LIRCMOP6_BC,1,ref_tau,9,0,0,NaN,0,0,NaN,NaN,0,0,3,0,NaN,NaN,NaN,NaN,NaN,NaN,NaN,NaN,zero,0,0,0,0,NaN,NaN,NaN,NaN,NaN,NaN,NaN,NaN,NaN,NaN,NaN,NaN,NaN,NaN,400,0,400,400,400,0,24,15,0,0,0,0,0,0,0,0,0,0,0,0,0,0,0
LIRCMOP6_BC,1,ref_tau,10,0,0,NaN,0,0,NaN,NaN,0,0,3,0,NaN,NaN,NaN,NaN,NaN,NaN,NaN,NaN,zero,0,0,0,0,NaN,NaN,NaN,NaN,NaN,NaN,NaN,NaN,NaN,NaN,NaN,NaN,NaN,NaN,400,0,400,400,400,0,26,18,0,0,0,0,0,0,0,0,0,0,0,0,0,0,0
LIRCMOP6_BC,1,ref_tau,11,0,0,NaN,0,0,NaN,NaN,0,0,3,0,NaN,NaN,NaN,NaN,NaN,NaN,NaN,NaN,zero,0,0,0,0,NaN,NaN,NaN,NaN,NaN,NaN,NaN,NaN,NaN,NaN,NaN,NaN,NaN,NaN,400,0,400,400,400,0,52,28,0,0,0,0,0,0,0,0,0,0,0,0,0,0,0
LIRCMOP6_BC,1,ref_tau,12,0,0,NaN,0,0,NaN,NaN,0,0,3,0,NaN,NaN,NaN,NaN,NaN,NaN,NaN,NaN,zero,0,0,0,0,NaN,NaN,NaN,NaN,NaN,NaN,NaN,NaN,NaN,NaN,NaN,NaN,NaN,NaN,400,0,400,400,400,0,59,26,0,0,0,0,0,0,0,0,0,0,0,0,0,0,0
LIRCMOP6_BC,1,ref_tau,13,0,0,NaN,0,0,NaN,NaN,0,0,3,0,NaN,NaN,NaN,NaN,NaN,NaN,NaN,NaN,zero,0,0,0,0,NaN,NaN,NaN,NaN,NaN,NaN,NaN,NaN,NaN,NaN,NaN,NaN,NaN,NaN,400,0,400,400,400,0,53,22,0,0,0,0,0,0,0,0,0,0,0,0,0,0,0
LIRCMOP6_BC,1,ref_tau,14,0,0,NaN,0,0,NaN,NaN,0,0,3,0,NaN,NaN,NaN,NaN,NaN,NaN,NaN,NaN,zero,0,0,0,0,NaN,NaN,NaN,NaN,NaN,NaN,NaN,NaN,NaN,NaN,NaN,NaN,NaN,NaN,400,0,400,400,400,0,55,27,0,0,0,0,0,0,0,0,0,0,0,0,0,0,0
LIRCMOP6_BC,1,ref_tau,15,0,0,NaN,0,0,NaN,NaN,0,0,3,0,NaN,NaN,NaN,NaN,NaN,NaN,NaN,NaN,zero,0,0,0,0,NaN,NaN,NaN,NaN,NaN,NaN,NaN,NaN,NaN,NaN,NaN,NaN,NaN,NaN,400,0,400,400,400,0,56,27,0,0,0,0,0,0,0,0,0,0,0,0,0,0,0
LIRCMOP6_BC,1,ref_tau,16,0,0,NaN,0,0,NaN,NaN,0,0,3,0,NaN,NaN,NaN,NaN,NaN,NaN,NaN,NaN,zero,0,0,0,0,NaN,NaN,NaN,NaN,NaN,NaN,NaN,NaN,NaN,NaN,NaN,NaN,NaN,NaN,400,0,400,400,400,0,86,33,0,0,0,0,0,0,0,0,0,0,0,0,0,0,0
LIRCMOP6_BC,1,ref_tau,17,0,0,NaN,0,0,NaN,NaN,0,0,3,0,NaN,NaN,NaN,NaN,NaN,NaN,NaN,NaN,zero,0,0,0,0,NaN,NaN,NaN,NaN,NaN,NaN,NaN,NaN,NaN,NaN,NaN,NaN,NaN,NaN,400,0,400,400,400,0,64,33,0,0,0,0,0,0,0,0,0,0,0,0,0,0,0
LIRCMOP6_BC,1,ref_tau,18,0,0,NaN,0,0,NaN,NaN,0,0,3,0,NaN,NaN,NaN,NaN,NaN,NaN,NaN,NaN,zero,0,0,0,0,NaN,NaN,NaN,NaN,NaN,NaN,NaN,NaN,NaN,NaN,NaN,NaN,NaN,NaN,400,0,400,400,400,0,89,33,0,0,0,0,0,0,0,0,0,0,0,0,0,0,0
LIRCMOP6_BC,1,ref_tau,19,0,0,NaN,0,0,NaN,NaN,0,0,3,0,NaN,NaN,NaN,NaN,NaN,NaN,NaN,NaN,zero,0,0,0,0,NaN,NaN,NaN,NaN,NaN,NaN,NaN,NaN,NaN,NaN,NaN,NaN,NaN,NaN,400,0,400,400,400,0,98,41,0,0,0,0,0,0,0,0,0,0,0,0,0,0,0
LIRCMOP6_BC,1,ref_tau,20,0,0,NaN,0,0,NaN,NaN,0,0,3,0,NaN,NaN,NaN,NaN,NaN,NaN,NaN,NaN,zero,0,0,0,0,NaN,NaN,NaN,NaN,NaN,NaN,NaN,NaN,NaN,NaN,NaN,NaN,NaN,NaN,400,0,400,400,400,0,130,49,0,0,0,0,0,0,0,0,0,0,0,0,0,0,0
LIRCMOP6_BC,1,ref_tau,21,0,0,NaN,0,0,NaN,NaN,0,0,3,0,NaN,NaN,NaN,NaN,NaN,NaN,NaN,NaN,zero,0,0,0,0,NaN,NaN,NaN,NaN,NaN,NaN,NaN,NaN,NaN,NaN,NaN,NaN,NaN,NaN,400,0,400,400,400,0,105,37,0,0,0,0,0,0,0,0,0,0,0,0,0,0,0
LIRCMOP6_BC,1,ref_tau,22,0,0,NaN,0,0,NaN,NaN,0,0,3,0,NaN,NaN,NaN,NaN,NaN,NaN,NaN,NaN,zero,0,0,0,0,NaN,NaN,NaN,NaN,NaN,NaN,NaN,NaN,NaN,NaN,NaN,NaN,NaN,NaN,400,0,400,400,400,0,122,40,0,0,0,0,0,0,0,0,0,0,0,0,0,0,0
LIRCMOP6_BC,1,ref_tau,23,0,0,NaN,0,0,NaN,NaN,0,0,3,0,NaN,NaN,NaN,NaN,NaN,NaN,NaN,NaN,zero,0,0,0,0,NaN,NaN,NaN,NaN,NaN,NaN,NaN,NaN,NaN,NaN,NaN,NaN,NaN,NaN,400,0,400,400,400,0,115,35,0,0,0,0,0,0,0,0,0,0,0,0,0,0,0
LIRCMOP6_BC,1,ref_tau,24,0,0,NaN,0,0,NaN,NaN,0,0,3,0,NaN,NaN,NaN,NaN,NaN,NaN,NaN,NaN,zero,0,0,0,0,NaN,NaN,NaN,NaN,NaN,NaN,NaN,NaN,NaN,NaN,NaN,NaN,NaN,NaN,400,0,400,400,400,0,105,37,0,0,0,0,0,0,0,0,0,0,0,0,0,0,0
LIRCMOP6_BC,1,ref_tau,25,0,0,NaN,0,0,NaN,NaN,0,0,3,0,NaN,NaN,NaN,NaN,NaN,NaN,NaN,NaN,zero,0,0,0,0,NaN,NaN,NaN,NaN,NaN,NaN,NaN,NaN,NaN,NaN,NaN,NaN,NaN,NaN,400,0,400,400,400,0,124,36,0,0,0,0,0,0,0,0,0,0,0,0,0,0,0
LIRCMOP6_BC,1,ref_tau,26,0,0,NaN,0,0,NaN,NaN,0,0,3,0,NaN,NaN,NaN,NaN,NaN,NaN,NaN,NaN,zero,0,0,0,0,NaN,NaN,NaN,NaN,NaN,NaN,NaN,NaN,NaN,NaN,NaN,NaN,NaN,NaN,400,0,400,400,400,0,122,38,0,0,0,0,0,0,0,0,0,0,0,0,0,0,0
LIRCMOP6_BC,1,ref_tau,27,0,0,NaN,0,0,NaN,NaN,0,0,3,0,NaN,NaN,NaN,NaN,NaN,NaN,NaN,NaN,zero,0,0,0,0,NaN,NaN,NaN,NaN,NaN,NaN,NaN,NaN,NaN,NaN,NaN,NaN,NaN,NaN,400,0,400,400,400,0,150,44,0,0,0,0,0,0,0,0,0,0,0,0,0,0,0
LIRCMOP6_BC,1,ref_tau,28,0,0,NaN,0,0,NaN,NaN,0,0,3,0,NaN,NaN,NaN,NaN,NaN,NaN,NaN,NaN,zero,0,0,0,0,NaN,NaN,NaN,NaN,NaN,NaN,NaN,NaN,NaN,NaN,NaN,NaN,NaN,NaN,400,0,400,400,400,0,121,40,0,0,0,0,0,0,0,0,0,0,0,0,0,0,0
LIRCMOP6_BC,1,ref_tau,29,0,0,NaN,0,0,NaN,NaN,0,0,3,0,NaN,NaN,NaN,NaN,NaN,NaN,NaN,NaN,zero,0,0,0,0,NaN,NaN,NaN,NaN,NaN,NaN,NaN,NaN,NaN,NaN,NaN,NaN,NaN,NaN,400,0,400,400,400,0,135,41,0,0,0,0,0,0,0,0,0,0,0,0,0,0,0
LIRCMOP6_BC,1,ref_tau,30,0,0,NaN,0,0,NaN,NaN,0,0,3,0,NaN,NaN,NaN,NaN,NaN,NaN,NaN,NaN,zero,0,0,0,0,NaN,NaN,NaN,NaN,NaN,NaN,NaN,NaN,NaN,NaN,NaN,NaN,NaN,NaN,400,0,400,400,400,0,174,37,0,0,0,0,0,0,0,0,0,0,0,0,0,0,0
LIRCMOP6_BC,1,ref_tau,31,0,0,NaN,0,0,NaN,NaN,0,0,3,0,NaN,NaN,NaN,NaN,NaN,NaN,NaN,NaN,zero,0,0,0,0,NaN,NaN,NaN,NaN,NaN,NaN,NaN,NaN,NaN,NaN,NaN,NaN,NaN,NaN,400,0,400,400,400,0,145,41,0,0,0,0,0,0,0,0,0,0,0,0,0,0,0
LIRCMOP6_BC,1,ref_tau,32,0,0,NaN,0,0,NaN,NaN,0,0,3,0,NaN,NaN,NaN,NaN,NaN,NaN,NaN,NaN,zero,0,0,0,0,NaN,NaN,NaN,NaN,NaN,NaN,NaN,NaN,NaN,NaN,NaN,NaN,NaN,NaN,400,0,400,400,400,0,153,46,0,0,0,0,0,0,0,0,0,0,0,0,0,0,0
LIRCMOP6_BC,1,ref_tau,33,0,0,NaN,0,0,NaN,NaN,0,0,3,0,NaN,NaN,NaN,NaN,NaN,NaN,NaN,NaN,zero,0,0,0,0,NaN,NaN,NaN,NaN,NaN,NaN,NaN,NaN,NaN,NaN,NaN,NaN,NaN,NaN,400,0,400,400,400,0,184,50,0,0,0,0,0,0,0,0,0,0,0,0,0,0,0
LIRCMOP6_BC,1,ref_tau,34,0,0,NaN,0,0,NaN,NaN,0,0,3,0,NaN,NaN,NaN,NaN,NaN,NaN,NaN,NaN,zero,0,0,0,0,NaN,NaN,NaN,NaN,NaN,NaN,NaN,NaN,NaN,NaN,NaN,NaN,NaN,NaN,400,0,400,400,400,0,137,45,0,0,0,0,0,0,0,0,0,0,0,0,0,0,0
LIRCMOP6_BC,1,ref_tau,35,0,0,NaN,0,0,NaN,NaN,0,0,3,0,NaN,NaN,NaN,NaN,NaN,NaN,NaN,NaN,zero,0,0,0,0,NaN,NaN,NaN,NaN,NaN,NaN,NaN,NaN,NaN,NaN,NaN,NaN,NaN,NaN,400,0,400,400,400,0,143,46,0,0,0,0,0,0,0,0,0,0,0,0,0,0,0
LIRCMOP6_BC,1,ref_tau,36,0,0,NaN,0,0,NaN,NaN,0,0,3,0,NaN,NaN,NaN,NaN,NaN,NaN,NaN,NaN,zero,0,0,0,0,NaN,NaN,NaN,NaN,NaN,NaN,NaN,NaN,NaN,NaN,NaN,NaN,NaN,NaN,400,0,400,400,400,0,142,40,0,0,0,0,0,0,0,0,0,0,0,0,0,0,0
LIRCMOP6_BC,1,ref_tau,37,0,0,NaN,0,0,NaN,NaN,0,0,3,0,NaN,NaN,NaN,NaN,NaN,NaN,NaN,NaN,zero,0,0,0,0,NaN,NaN,NaN,NaN,NaN,NaN,NaN,NaN,NaN,NaN,NaN,NaN,NaN,NaN,400,0,400,400,400,0,163,44,0,0,0,0,0,0,0,0,0,0,0,0,0,0,0
LIRCMOP6_BC,1,ref_tau,38,0,0,NaN,0,0,NaN,NaN,0,0,3,0,NaN,NaN,NaN,NaN,NaN,NaN,NaN,NaN,zero,0,0,0,0,NaN,NaN,NaN,NaN,NaN,NaN,NaN,NaN,NaN,NaN,NaN,NaN,NaN,NaN,400,0,400,400,400,0,171,40,0,0,0,0,0,0,0,0,0,0,0,0,0,0,0
LIRCMOP6_BC,1,ref_tau,39,0,0,NaN,0,0,NaN,NaN,0,0,3,0,NaN,NaN,NaN,NaN,NaN,NaN,NaN,NaN,zero,0,0,0,0,NaN,NaN,NaN,NaN,NaN,NaN,NaN,NaN,NaN,NaN,NaN,NaN,NaN,NaN,400,0,400,400,400,0,69,31,0,0,0,0,0,0,0,0,0,0,0,0,0,0,0
LIRCMOP6_BC,1,ref_tau,40,3,1,0.02,3,0,0.0125149603710269,0.0125149603710269,3,5,3,0.000774993541720486,100,0.299773574727974,0.299773574727974,0,0,0,1.30101789843225,21.9977963069999,zero,3,2,5,5,1.66666666666667,0.326982038088616,0.32824325016894,0,0.32824325016894,154.764760611172,1,0.100297794676976,1,0.327163647592636,0.32824325016894,0.327761243835102,0.32824325016894,1,400,0,400,400,399,1,121,36,9,2,3,0,3,3,3,3,3,3,3,3,3,0,5
LIRCMOP6_BC,1,ref_tau,41,6,1,0.02,6,0,0.0105932841103036,0.0110814842469343,6,7,3,0.00154998708344097,100,0.271956296186008,0.299773574727974,0,0,0,1.26867882588146,19.8520083198889,zero,2,5,7,7,1.16666666666667,0.298561937149274,0.298839957991101,0,0.298839957991101,NaN,1,0.0980708334740561,1,0.298604793630992,0.298839957991101,0.298604793630992,0.298839958214428,1,400,3,406,406,402,4,153,42,9,2,24,0,6,6,6,6,6,6,6,6,6,0,7
LIRCMOP6_BC,1,ref_tau,42,6,1,0.02,6,0,0.011753869212144,0.0129668591952324,6,7,3,0.00154998708344097,100,0.271956296186008,0.299773574727974,0,0,0,1.23073198376406,18.4083269807981,zero,2,5,7,7,1.16666666666667,0.281573271080691,0.281949845429809,0,0.282205293270044,NaN,1,0.0893949279343529,1,0.28169367010963,0.282205293270044,0.281737339764195,0.282205293343503,1,400,6,412,412,405,7,131,34,9,2,63,0,6,6,6,6,6,6,6,6,6,0,7
LIRCMOP6_BC,1,ref_tau,43,23,1,0.1,23,0,0.0218599310247397,0.0589992522248214,23,30,3,0.00594161715319039,100,0.299773574727974,0.434288065164153,0.33798920923106,0.637397265259401,0.565217391304348,1.34678797385289,21.5950647750599,zero,9,21,30,30,1.30434782608696,0.33121314636979,0.338175539005385,0,0.33934015174055,NaN,0.566666666666667,0.00559705803732957,1,0.332974916586795,0.33934015174055,0.339821392987928,0.339261972431255,1,400,6,412,412,403,9,125,37,20,10,89,0,23,23,23,23,23,23,23,23,23,0,30
LIRCMOP6_BC,1,ref_tau,44,24,1,0.08,24,0,0.00826214239537689,0.0217658503564837,24,30,3,0.00619994833376389,100,0.362629932813184,0.510341351410435,0,0.358059733808244,0.0833333333333333,1.39210849346398,25.0198307108879,zero,9,21,30,30,1.25,0.394699481633912,0.404855655256639,0,0.409445671466253,NaN,0.8,0.0193015961043009,1,0.396363638001135,0.409783643974975,0.406212101059286,0.411013295690229,1,400,23,446,446,417,29,186,40,24,10,465,0,30,30,30,27,24,24,24,24,24,0,30
LIRCMOP6_BC,1,ref_tau,45,24,1,0.08,24,0,0.0088164547434621,0.0135245222825596,24,30,3,0.00619994833376389,100,0.381899559458964,0.510341351410435,0,0,0,1.3805644537492,29.4037398658173,zero,7,23,30,30,1.25,0.478358394544021,0.487300697148575,0,0.492750015967625,NaN,0.733333333333333,0.00893887279371985,1,0.482107516930414,0.492750015967625,0.485901848079421,0.493468050676649,1,400,24,448,448,415,33,127,38,22,12,623,0,36,36,36,33,24,24,24,24,24,0,30
LIRCMOP6_BC,1,ref_tau,46,40,1,0.14,40,0,0.00801661273168253,0.0234322302355281,40,30,3,0.0103332472229398,80,0.323756304099549,0.460836896528658,0.140709269896855,0.740140976325789,0.275,1.30287582839927,28.0062863251761,zero,9,21,30,30,0.75,0.434755741149996,0.454453195185308,0,0.458221320900939,NaN,0.833333333333333,0.0250786774463273,1,0.437795133911937,0.458379672840379,0.452353454818316,0.459778009438774,1,400,24,448,448,414,34,147,43,27,16,714,0,46,46,46,43,40,40,40,40,40,0,30
LIRCMOP6_BC,1,ref_tau,47,44,1,0.15,44,0,0.0073744500162185,0.0229883463497021,44,30,3,0.0113665719452338,72.7272727272727,0.297187345608713,0.562977547806579,0,1,0.159090909090909,1.29385792690927,31.0777897039632,zero,9,21,30,30,0.681818181818182,0.471898826770793,0.499219957346643,0,0.503335296983827,NaN,0.733333333333333,0.0232130857629899,1,0.475018213226487,0.50353846862576,0.501368340044939,0.503292058830333,1,400,40,480,480,425,55,209,44,28,16,1017,0,47,47,47,47,44,44,44,44,44,0,30
LIRCMOP6_BC,1,ref_tau,48,43,1,0.15,43,0,0.00420223579595914,0.0132162812911507,43,30,3,0.0111082407646603,74.4186046511628,0.29521211284467,0.428909264814485,0,0.393412896454244,0.13953488372093,1.25634504645177,33.3833286173682,zero,11,19,30,30,0.697674418604651,0.523993096478752,0.561290658497394,0,0.56841597663848,NaN,0.466666666666667,-0.00440208497151218,1,0.527978247425916,0.569262205889983,0.571921908695543,0.566217471206478,1,400,44,488,488,426,62,216,44,32,17,1275,0,50,50,50,50,43,43,43,43,43,0,30
LIRCMOP6_BC,1,ref_tau,49,44,1,0.15,44,0,0.00438986263038687,0.00882719072375483,44,30,3,0.0113665719452338,72.7272727272727,0.294999528537635,0.397846266046249,0,0.375990477181217,0.0681818181818182,1.25895631151639,34.2904703326627,zero,16,14,30,30,0.681818181818182,0.557030334238046,0.597844321018812,0,0.608360150242969,NaN,0.666666666666667,0.00849256323249536,1,0.560336022889461,0.609422236730548,0.607795016266837,0.610338725610896,1,400,43,486,486,426,60,133,40,38,17,1186,0,50,50,50,50,44,44,44,44,44,0,30
LIRCMOP6_BC,1,ref_tau,50,45,1,0.15,45,0,0.00357715905825694,0.00706821435655801,45,30,3,0.0116249031258073,71.1111111111111,0.29521211284467,0.48126039851934,0,0.375990477181217,0.0666666666666667,1.48010128751365,44.7744656250723,zero,20,10,30,30,0.666666666666667,0.742318476572907,0.805305404000104,0,0.817117186711798,NaN,0.8,0.023083968359639,0.933333333333333,0.745843531133742,0.819047176399924,0.816781284909042,0.824037004131912,1,400,44,488,488,430,58,197,40,41,16,1152,0,48,48,48,48,45,45,45,45,45,0,30
LIRCMOP6_BC,1,ref_tau,51,54,1,0.19,54,0,0.00378911875070913,0.00844285427466163,54,30,3,0.0139498837509687,59.2592592592593,0.336718123405245,0.48126039851934,0,0.353947032896088,0.0555555555555556,1.81170151368352,52.8333355111878,zero,22,8,30,30,0.555555555555556,0.839612547452055,0.93073111180561,0,0.944711806698508,NaN,0.7,0.0269611255383726,0.789473684210526,0.843126217746974,0.946465418956692,0.945276855864804,0.953781912079113,1,400,45,490,490,425,65,192,43,46,21,1372,0,60,60,60,60,54,54,54,54,54,0,30
LIRCMOP6_BC,1,ref_tau,52,57,1,0.19,57,0,0.00374286590940715,0.00852611299377205,57,30,3,0.0147248772926892,56.140350877193,0.326377685239519,0.472011791360538,0,0.102003057809904,0.0526315789473684,1.95155219690153,50.0636101738144,zero,22,8,30,30,0.526315789473684,0.804246814017843,0.856452506340783,0,0.867286634968451,NaN,0.633333333333333,0.0104487002955893,0.894736842105263,0.808482997724491,0.867301017842789,0.870505662663239,0.858824666936619,1,400,54,508,508,438,70,199,45,46,22,1489,0,66,66,66,66,57,57,57,57,57,0,30
LIRCMOP6_BC,1,ref_tau,53,57,1,0.19,57,0,0.00358677061706422,0.00621557888648024,57,30,3,0.0147248772926892,56.140350877193,0.310310632170933,0.447738085094832,0,0.375990477181217,0.105263157894737,1.93762942270182,38.0062791922779,zero,24,6,30,30,0.526315789473684,0.589214337751648,0.633062872287661,0,0.638226345433742,NaN,0.666666666666667,0.0167173132986097,0.842105263157895,0.590404441873879,0.63907796363117,0.638190511743621,0.637520564709617,1,400,57,514,514,443,71,192,44,52,22,1179,0,66,66,66,66,57,57,57,57,57,0,30
LIRCMOP6_BC,1,ref_tau,54,72,1,0.25,72,0,0.00345390142013826,0.00907035179480259,72,30,3,0.0185998450012917,44.4444444444444,0.310508233099128,0.459597865865354,0,0.855653963256666,0.222222222222222,1.46331010371666,11.1043977230202,zero,28,2,30,30,0.416666666666667,0.170036208845423,0.185196315484459,0,0.198719152286751,NaN,0.533333333333333,0.00851331770566266,0.68,0.173580426452856,0.199767055054294,0.200588864991642,0.175421804522905,1,400,57,514,514,437,77,211,49,62,29,1386,0,86,86,86,86,72,72,72,72,72,0,30
LIRCMOP6_BC,1,ref_tau,55,77,1,0.26,77,0,0.00337171913327521,0.00754514533943172,77,30,3,0.0198915009041591,41.5584415584416,0.338037644352444,0.476203777473349,-0,1,0.116883116883117,1.31742427501314,13.7829202779476,zero,30,0,30,30,0.38961038961039,0.195380128811257,0.229626001920838,0,0.2487101469473,NaN,0.8,0.0180421175819536,0.807692307692308,0.200083951607299,0.249829790859849,0.249829790859849,NaN,1,400,72,544,544,450,94,212,51,65,29,2189,0,86,86,86,83,77,77,77,77,77,0,30
LIRCMOP6_BC,1,ref_tau,56,72,1,0.24,72,0,0.0039330713338701,0.00999641911646472,72,30,3,0.0185998450012917,44.4444444444444,0.324750022323699,0.50411486549172,0,0.855653963256666,0.0833333333333333,1.22224475533533,16.0263478983311,zero,30,0,30,30,0.416666666666667,0.216513539818588,0.249909306830228,0,0.251868550456574,NaN,0.7,0.0295666866572686,0.75,0.220820009699724,0.251951210988012,0.251951210988012,NaN,1,400,77,554,554,448,106,219,49,59,27,3000,0,81,81,81,81,72,72,72,72,72,0,30
LIRCMOP6_BC,1,ref_tau,57,75,1,0.25,75,0,0.00334662405980969,0.00607906418264612,75,30,3,0.0193748385430121,42.6666666666667,0.329167280392679,0.50411486549172,-0,0.855653963256666,0.146666666666667,1.26346318242363,21.4847006923995,zero,30,0,30,30,0.4,0.259043222149527,0.302108670344012,0,0.302108670344012,NaN,0.6,0.0170935717945928,0.84,0.272056905004106,0.302771568097526,0.302771568097526,NaN,1,400,72,544,544,437,107,219,47,64,28,2491,0,84,84,84,84,75,75,75,75,75,0,30
LIRCMOP6_BC,1,ref_tau,58,75,1,0.25,75,0,0.00308448524446214,0.00580795992218638,75,30,3,0.0193748385430121,42.6666666666667,0.343055639134824,0.587279651159512,0,0.855653963256666,0.0933333333333333,1.30937577638321,24.7903343419017,zero,30,0,30,30,0.4,0.32055002615273,0.362208728030015,0,0.36251088531551,NaN,0.5,0.00375153661163918,0.8,0.339214716766193,0.363728671974019,0.363728671974019,NaN,1,400,75,550,550,442,108,217,49,64,28,2291,0,84,84,84,84,75,75,75,75,75,0,30
LIRCMOP6_BC,1,ref_tau,59,75,1,0.25,75,0,0.00315761126466191,0.00648088347799416,75,30,3,0.0193748385430121,42.6666666666667,0.310401186590197,0.519041499052174,0,0.901299056250466,0.0666666666666667,1.43241620081719,26.4724431634605,zero,30,0,30,30,0.4,0.352297594649357,0.391845353803468,0,0.392760182536776,NaN,0.666666666666667,0.017193855483591,0.76,0.368029869401305,0.393642029461196,0.393642029461196,NaN,1,400,75,550,550,440,110,243,50,60,29,2573,0,87,87,87,87,75,75,75,75,75,0,30
LIRCMOP6_BC,1,ref_tau,60,78,1,0.26,78,0,0.00302567730090289,0.00568298142176935,78,30,3,0.0201498320847326,41.025641025641,0.289293952040355,0.519041499052174,0,0.855653963256666,0.0641025641025641,1.47689171788247,25.142811746141,zero,30,0,30,30,0.384615384615385,0.351840093625825,0.386904982549669,0,0.387884204737424,NaN,0.7,0.0219323376211007,0.769230769230769,0.358515819334259,0.388159438876468,0.388159438876468,NaN,1,400,75,550,550,433,117,176,44,63,28,2394,0,84,84,84,84,78,78,78,78,78,0,30
LIRCMOP6_BC,1,ref_tau,61,81,1,0.27,81,0,0.00287239858931214,0.00549476256581318,81,30,3,0.0209248256264531,39.5061728395062,0.29521211284467,0.519095889973913,0,0.855653963256666,0.0493827160493827,1.73410656249596,29.5795741232301,zero,29,1,30,30,0.37037037037037,0.430535736557503,0.469360403852982,0,0.471173261807008,NaN,0.733333333333333,0.00955256560306783,0.62962962962963,0.43408423331488,0.471557649159854,0.471897298397587,0.422557736588102,1,400,78,556,556,451,105,188,44,62,29,2282,0,87,87,87,87,81,81,81,81,81,0,30
LIRCMOP6_BC,1,ref_tau,62,84,1,0.28,84,0,0.00300559375150157,0.00623605337311262,84,30,3,0.0216998191681736,38.0952380952381,0.302806649717434,0.519095889973913,0,0.855653963256666,0.0714285714285714,1.77514436818457,27.9457245967588,zero,26,4,30,30,0.357142857142857,0.428013210691582,0.450055638133971,0,0.451895554239252,NaN,0.633333333333333,0.0299973315834384,0.571428571428571,0.430471538956817,0.452896362181871,0.453636281265645,0.438577566182557,1,400,81,562,562,447,115,189,46,60,30,2903,0,90,90,90,90,84,84,84,84,84,0,30
LIRCMOP6_BC,1,ref_tau,63,87,1,0.29,87,0,0.00276148653217076,0.00522051747484072,87,30,3,0.0224748127098941,36.7816091954023,0.310401186590197,0.516099685077474,0,0.855653963256666,0.0689655172413793,1.73617445810467,23.5681657026815,zero,28,2,30,30,0.344827586206897,0.375361881909369,0.401405504054995,0,0.411379722272528,NaN,0.4,-0.0148639283640933,0.655172413793103,0.377478937487123,0.412913073038497,0.416625430506118,0.375676717712171,1,400,84,568,568,451,117,218,48,64,31,3162,0,93,93,93,93,87,87,87,87,87,0,30
LIRCMOP6_BC,1,ref_tau,64,78,1,0.26,78,0,0.00269800783079612,0.00454915678016299,78,30,3,0.0201498320847326,41.025641025641,0.285879866574593,0.519095889973913,0,0.855653963256666,0.0384615384615385,1.67759463016469,23.6331131263691,zero,29,1,30,30,0.384615384615385,0.386509330820029,0.423615479245241,0,0.447095708747434,NaN,0.366666666666667,-0.019088470288576,0.730769230769231,0.39080835624691,0.448341415334353,0.449113004632524,0.378852937181762,1,400,87,574,574,457,117,243,48,62,29,3138,0,87,87,87,87,78,78,78,78,78,0,30
LIRCMOP6_BC,1,ref_tau,65,78,1,0.26,78,0,0.00296068469785448,0.0065927938123647,78,30,3,0.0201498320847326,41.025641025641,0.29521211284467,0.519095889973913,0,0.855653963256666,0.0641025641025641,1.39164367060231,17.3435992063897,zero,22,8,30,30,0.384615384615385,0.284874715998505,0.304447351779877,0,0.326001512073662,NaN,0.466666666666667,-0.0044749901433665,0.692307692307692,0.289241033333861,0.327122051573124,0.325067255593198,0.322686488562382,1,400,78,556,556,436,120,238,52,60,28,3046,0,84,84,84,84,78,78,78,78,78,0,30
LIRCMOP6_BC,1,ref_tau,66,68,1,0.23,68,0,0.00303247123340276,0.00801285081474215,68,30,3,0.0175665202789977,47.0588235294118,0.29521211284467,0.4934519764813,-0,0.855653963256666,0.132352941176471,1.33942697473765,15.6087325647812,zero,17,13,30,30,0.441176470588235,0.258081768372312,0.278620346252104,0,0.295626262439132,NaN,0.466666666666667,-0.00951282911136953,0.869565217391304,0.261646226926951,0.297230995624444,0.297034376938212,0.296487224955308,1,400,78,556,556,436,120,206,48,50,26,3877,0,78,78,78,78,68,68,68,68,68,0,30
LIRCMOP6_BC,1,ref_tau,67,18,1,0.06,18,0,0.00149957203099613,0.00316109859430773,18,30,3,0.00464996125032291,100,0.282465781108831,0.4934519764813,0,0,0,1.32643568205498,13.2617338612533,zero,30,0,30,30,1.66666666666667,0.217662689985783,0.225285941600758,0,0.234467720077162,NaN,0.9,0.0453849650921677,0.833333333333333,0.22944764890146,0.244401842385384,0.244401842385384,NaN,1,400,68,536,536,427,109,133,35,52,11,1690,15,30,30,30,30,18,18,18,18,18,0,30
LIRCMOP6_BC,1,ref_tau,68,35,1,0.12,35,0,0.0018154904205893,0.0108615041457428,35,30,3,0.00904159132007233,91.4285714285714,0.282465781108831,0.442679749875947,-0,0.537326331419066,0.142857142857143,1.26638068584018,11.2356339281806,zero,30,0,30,30,0.857142857142857,0.17382889304228,0.178280399657127,0,0.179598107965461,NaN,0.933333333333333,0.0523084602547631,0.5,0.190744305432518,0.202242693184623,0.202242693184623,NaN,1,400,18,436,436,377,59,161,40,66,17,883,2,47,47,47,47,35,35,35,35,35,0,30
LIRCMOP6_BC,1,ref_tau,69,38,1,0.14,38,0,0.00233536838175852,0.00904013160053425,38,30,3,0.00981658486179282,84.2105263157895,0.289352002535904,0.4934519764813,-0,0.68054861522632,0.0263157894736842,1.25819724565884,8.7767226332897,zero,30,0,30,30,0.789473684210526,0.122959471984388,0.127287142180859,0,0.130321558765985,NaN,0.866666666666667,0.0327952559595698,0.142857142857143,0.141650108464789,0.155646036604505,0.155646036604505,NaN,1,400,35,470,470,396,74,180,42,63,18,2576,4,47,47,47,47,38,38,38,38,38,0,30
LIRCMOP6_BC,1,ref_tau,70,45,1,0.15,45,0,0.00264023627284144,0.00780200493351208,45,30,3,0.0116249031258073,71.1111111111111,0.263029019333729,0.4934519764813,0,0.507632290042397,0.2,1.28025532389226,11.4962240349439,zero,30,0,30,30,0.666666666666667,0.157235138874036,0.171162030558844,0,0.174550315793082,NaN,0.933333333333333,0.0206363323564352,0.4,0.179512776300928,0.20274324637018,0.20274324637018,NaN,1,400,38,476,476,399,77,194,42,71,20,1676,4,57,57,57,57,45,45,45,45,45,0,30
LIRCMOP6_BC,1,ref_tau,71,45,1,0.15,45,0,0.00274780848592996,0.00853423748048684,45,30,3,0.0116249031258073,71.1111111111111,0.296238223962977,0.4934519764813,0,0.318797429224146,0.133333333333333,1.30854868455334,19.357292163569,zero,30,0,30,30,0.666666666666667,0.284960463150255,0.319337165082099,0,0.32323401503874,NaN,0.266666666666667,-0.0146284618456378,0.133333333333333,0.299813951968523,0.344618520491285,0.344618520491285,NaN,1,400,45,490,490,401,89,182,44,62,19,2719,12,54,54,54,54,45,45,45,45,45,0,30
LIRCMOP6_BC,1,ref_tau,72,45,1,0.15,45,0,0.00226935820502314,0.00840256824731252,45,30,3,0.0116249031258073,71.1111111111111,0.275906229537316,0.494082292896149,0.0261497558344145,0.507727175331549,0.266666666666667,1.21755030026176,23.1056546862115,zero,30,0,30,30,0.666666666666667,0.345856319837929,0.376951491104121,0,0.379961006395223,NaN,0.0333333333333333,-0.0306514531625792,0.4,0.359209087508843,0.397355290568941,0.397355290568941,NaN,1,400,45,490,490,404,86,214,42,66,18,1852,4,51,51,51,51,45,45,45,45,45,0,30
LIRCMOP6_BC,1,ref_tau,73,34,1,0.12,34,0,0.00248603113749456,0.00586291649489586,34,30,3,0.00878326013949884,94.1176470588235,0.275906229537316,0.462288933182918,0,0.605424106729959,0.176470588235294,1.06087057842581,7.32019185786178,zero,30,0,30,30,0.882352941176471,0.100816696507612,0.10892756892762,0,0.109133051527618,NaN,0.6,0.031711702500339,0.416666666666667,0.114218246845278,0.118659945640043,0.118659945640043,NaN,1,400,45,490,490,396,94,189,43,59,16,2653,10,43,43,43,43,34,34,34,34,34,0,30
LIRCMOP6_BC,1,ref_tau,74,32,1,0.12,32,0,0.00448331967136038,0.0112954780134451,32,30,3,0.00826659777835185,100,0.257408963153976,0.467859904681224,0,0.689631670111782,0.15625,0.975107956814672,4.33867891447176,zero,30,0,30,30,0.9375,0.0559546033300378,0.0589717342959321,0,0.0705297010174862,NaN,0.9,0.0229270852988207,0.416666666666667,0.0678244353303576,0.0709151800774681,0.0709151800774681,NaN,1,400,34,468,468,389,79,160,42,63,16,1276,14,42,42,42,42,32,32,32,32,32,0,30
LIRCMOP6_BC,1,ref_tau,75,39,1,0.13,39,0,0.0046174891751117,0.0113285488325199,39,30,3,0.0100749160423663,82.0512820512821,0.236592159248687,0.443054133873301,0,0.507632290042397,0.230769230769231,0.9546930557803,4.7142591738171,zero,30,0,30,30,0.769230769230769,0.0568302752977101,0.0736714634961061,0,0.0738049747727684,NaN,0.8,0.0151479419417272,0.384615384615385,0.071682388797609,0.0813753218994803,0.0813753218994803,NaN,1,400,32,464,464,387,77,202,44,64,17,1477,14,48,48,48,48,39,39,39,39,39,0,30
LIRCMOP6_BC,1,ref_tau,76,30,1,0.1,30,0,0.00545567358192579,0.0168155317315273,30,30,3,0.00774993541720486,100,0.229043613039197,0.404645040870032,0.506496598520083,0.660348211763481,0.3,0.905711489085996,4.34553618992777,zero,30,0,30,30,1,0.0528033737434053,0.0688731479022152,0,0.0717508735241755,NaN,0.733333333333333,0.00119689693785618,0.5,0.0631435279837358,0.0744134420888242,0.0744134420888242,NaN,1,400,39,478,478,389,89,196,45,53,13,2197,12,36,36,36,36,30,30,30,30,30,0,30
LIRCMOP6_BC,1,ref_tau,77,28,1,0.1,28,0,0.00522460731214972,0.0154794631988371,28,30,3,0.00723327305605787,100,0.221495066829707,0.424249024504432,-0,0.677892990919599,0.107142857142857,0.912450516483094,4.56334642929314,zero,30,0,30,30,1.07142857142857,0.0541317158503733,0.0659125204538602,0,0.0823961661211584,NaN,0.7,0.00214177674088961,0.6,0.0691317221345667,0.0832307704750454,0.0832307704750454,NaN,1,400,30,460,460,383,77,185,45,57,14,1256,14,39,39,39,36,28,28,28,28,28,0,30
LIRCMOP6_BC,1,ref_tau,78,39,1,0.13,39,0,0.00506526969645551,0.0228081479099229,39,30,3,0.0100749160423663,82.0512820512821,0.238963498339418,0.441113670645116,0.17394828899669,0.677892990919599,0.307692307692308,0.936480987196296,5.55991384753876,zero,30,0,30,30,0.769230769230769,0.0631200542518347,0.0750116157826612,0,0.10151285637629,NaN,0.533333333333333,0.00122508353985823,0.538461538461538,0.083821789029414,0.104449400670082,0.104449400670082,NaN,1,400,28,456,456,383,73,166,45,56,17,1273,31,46,46,46,45,39,39,39,39,39,0,30
LIRCMOP6_BC,1,ref_tau,79,45,1,0.15,45,0,0.0052566615191505,0.0195151910163139,45,30,3,0.0116249031258073,71.1111111111111,0.251474826268363,0.393490179207391,0.237081555555568,0.857934377459141,0.333333333333333,0.981741962160258,10.6990465648808,zero,30,0,30,30,0.666666666666667,0.13685658690772,0.162556969098334,0,0.198179538191192,NaN,0.533333333333333,0.00714826818954473,0.4,0.166639423931151,0.200786596973266,0.200786596973266,NaN,1,400,39,478,478,394,84,197,44,59,19,1605,86,51,51,51,51,45,45,45,45,45,0,30
LIRCMOP6_BC,1,ref_tau,80,42,1,0.14,42,0,0.00323680825993737,0.0154829590968489,42,30,3,0.0108499095840868,76.1904761904762,0.290437008111061,0.393490179207391,0.237081555555568,0.677892990919599,0.285714285714286,1.01862583081194,15.6393757980929,zero,30,0,30,30,0.714285714285714,0.211869265278987,0.241971200956837,0,0.27839535346431,NaN,0.566666666666667,0.0195081610011596,0.571428571428571,0.246078488004464,0.281014957521196,0.281014957521196,NaN,1,400,45,490,490,396,94,203,45,65,22,1592,212,54,54,54,51,42,42,42,42,42,0,30
LIRCMOP6_BC,1,ref_tau,81,45,1,0.15,45,0,0.00405677107974086,0.0108191190512339,45,30,3,0.0116249031258073,71.1111111111111,0.238963498339418,0.384247471165181,0.226337825928666,0.857934377459141,0.466666666666667,1.02159680323989,15.3925099219907,zero,30,0,30,30,0.666666666666667,0.217249458187202,0.265821064517169,0,0.305164134874739,NaN,0.333333333333333,-0.0145795191801733,0.4,0.245525743906572,0.306174808587308,0.306174808587308,NaN,1,400,42,484,484,387,97,208,46,56,21,2484,105,53,53,53,53,45,45,45,45,45,0,30
LIRCMOP6_BC,1,ref_tau,82,39,1,0.13,39,0,0.00273087056367679,0.00986246897145409,39,30,3,0.0100749160423663,82.0512820512821,0.24178341762909,0.403309922452797,0.133246098738931,0.505530944753692,0.384615384615385,0.908657553346936,10.7531776322826,zero,30,0,30,30,0.769230769230769,0.144280698090459,0.174592626725066,0,0.214004563655877,NaN,0.166666666666667,-0.039820564542465,0.538461538461538,0.184426438872259,0.214772881320154,0.214772881320154,NaN,1,400,45,490,490,407,83,186,43,72,23,1327,96,54,54,54,51,39,39,39,39,39,0,30
LIRCMOP6_BC,1,ref_tau,83,45,1,0.17,45,0,0.00462851025758499,0.0162763271059275,45,30,3,0.0116249031258073,71.1111111111111,0.279977813027936,0.384247471165181,0.419259012534128,0.908159027802225,0.355555555555556,0.852428077614104,7.78000612648223,zero,30,0,30,30,0.666666666666667,0.0837056933508317,0.132362629101379,0,0.168809387000003,NaN,0.133333333333333,-0.0450800152265556,0.705882352941177,0.110405316026813,0.168866119024527,0.168866119024527,NaN,1,400,39,478,478,404,74,181,43,64,21,1298,54,52,52,52,51,45,45,45,45,45,0,30
LIRCMOP6_BC,1,ref_tau,84,54,1,0.18,54,0,0.00353468331027655,0.0109182868084357,54,30,3,0.0139498837509687,59.2592592592593,0.259017298903545,0.384247471165181,0,0.908159027802225,0.222222222222222,0.841663374073268,5.20401563935193,zero,30,0,30,30,0.555555555555556,0.0588068628478053,0.0729365685738175,0,0.0811580413319998,NaN,0.2,-0.0427024929337431,0.611111111111111,0.0720856874029011,0.0812347771135046,0.0812347771135046,NaN,1,400,45,490,490,409,81,205,44,73,24,1549,79,63,63,63,63,54,54,54,54,54,0,30
LIRCMOP6_BC,1,ref_tau,85,51,1,0.17,51,0,0.0044841060469159,0.0106879065976847,51,30,3,0.0131748902092483,62.7450980392157,0.279977813027936,0.384247471165181,0,0.505530944753692,0.215686274509804,0.878112311352859,4.35018216827705,zero,30,0,30,30,0.588235294117647,0.041128531376861,0.0444257625279737,0,0.0648305690665198,NaN,0.533333333333333,0.00566941307147467,0.705882352941177,0.0630545725708246,0.0648326733504316,0.0648326733504316,NaN,1,400,54,508,508,414,94,208,49,59,21,1959,35,60,60,60,60,51,51,51,51,51,0,30
LIRCMOP6_BC,1,ref_tau,86,36,1,0.12,36,0,0.00220132387869433,0.00348609801404888,36,30,3,0.00929992250064583,88.8888888888889,0.259267199434053,0.38873906596259,0,0.221715719289338,0.0833333333333333,0.933808150707232,5.78563556508418,zero,30,0,30,30,0.833333333333333,0.0806417809185977,0.0826169782148256,0,0.0988162578508564,NaN,0.633333333333333,0.0150484179373216,0.5,0.0990197909902454,0.100217073717959,0.100217073717959,NaN,1,400,51,502,502,415,87,195,39,74,20,1042,24,51,51,51,51,36,36,36,36,36,0,30
LIRCMOP6_BC,1,ref_tau,87,36,1,0.12,36,0,0.00240049469690018,0.00387324599394556,36,30,3,0.00929992250064583,88.8888888888889,0.27612101697023,0.405503798947989,-0,0.312826832417723,0.166666666666667,1.06402943032768,8.52323295442561,zero,30,0,30,30,0.833333333333333,0.12656331328064,0.132854036098843,0,0.164036121983856,NaN,0.7,0.0521008979864919,0.5,0.161829177776587,0.164512368458294,0.164512368458294,NaN,1,400,36,472,472,394,78,205,46,71,20,1368,34,51,51,51,51,36,36,36,36,36,0,30
LIRCMOP6_BC,1,ref_tau,88,39,1,0.13,39,0,0.00215055706450843,0.00383339221575221,39,30,3,0.0100749160423663,82.0512820512821,0.268557138133468,0.405503798947989,0,1,0.230769230769231,1.31754387840545,14.9768451210964,zero,30,0,30,30,0.769230769230769,0.24401295961699,0.255634155917052,0,0.296955180857177,NaN,0.7,0.0682956232919105,0.461538461538462,0.28389747549106,0.297251270811163,0.297251270811163,NaN,1,400,36,472,472,398,74,192,42,72,20,1189,23,50,50,50,50,39,39,39,39,39,0,30
LIRCMOP6_BC,1,ref_tau,89,42,1,0.15,42,0,0.00247757673148629,0.00789705197596606,42,30,3,0.0108499095840868,76.1904761904762,0.249977260734639,0.384247471165181,0,1,0.0714285714285714,1.0271726101982,8.73025598447504,zero,30,0,30,30,0.714285714285714,0.132725599077898,0.139434467665213,0,0.171215883526298,NaN,0.833333333333333,0.0284102050552832,0.6,0.170339940606662,0.171697507376548,0.171697507376548,NaN,1,400,39,478,478,388,90,227,46,65,19,1656,14,55,55,55,55,42,42,42,42,42,0,30
LIRCMOP6_BC,1,ref_tau,90,54,1,0.18,54,0,0.00258266525875331,0.00855069049515141,54,30,3,0.0139498837509687,59.2592592592593,0.250906183347318,0.405503798947989,0,0.430814067346476,0.166666666666667,0.708001179923326,2.88589012610143,zero,30,0,30,30,0.555555555555556,0.0301978084693787,0.0311708275679456,0,0.0484628470323869,NaN,0.366666666666667,-0.030043687880468,0.611111111111111,0.0427051997368336,0.0486926438202376,0.0486926438202376,NaN,1,400,42,484,484,406,78,180,45,72,22,1298,3,66,66,66,66,54,54,54,54,54,0,30
LIRCMOP6_BC,1,ref_tau,91,52,1,0.18,52,0,0.0027501398915539,0.00849112684340728,52,30,3,0.0134332213898218,61.5384615384615,0.271877751738393,0.405503798947989,-0,0.303130057210474,0.0961538461538462,0.633136382113128,2.26930338287457,zero,30,0,30,11,0.576923076923077,0.0181138367910777,0.0244494474884548,0,0.02901506180617,NaN,0.5,-0.00139548678820151,0.388888888888889,0.0242425234270693,0.0291038678628283,0.0291038678628283,NaN,0.366666666666667,400,54,508,508,415,93,219,46,64,21,1861,8,61,61,61,61,52,52,52,52,52,0,30
LIRCMOP6_BC,1,ref_tau,92,57,1,0.19,57,0,0.0023591967161426,0.00381943772488024,57,30,3,0.0147248772926892,56.140350877193,0.246790175989119,0.405503798947989,0,0.465173663330919,0.12280701754386,0.624624281447756,2.33951443215802,zero,30,0,30,30,0.526315789473684,0.0164741652724638,0.0190317399625326,0,0.027534680477329,NaN,0.7,0.0193799751051582,0.631578947368421,0.0252153539035363,0.0283880891012234,0.0283880891012234,NaN,1,400,52,504,504,407,97,206,46,70,24,1596,12,68,68,68,68,57,57,57,57,57,0,30
LIRCMOP6_BC,1,ref_tau,93,57,1,0.2,57,0,0.0029163414374099,0.00610025797416056,57,30,3,0.0147248772926892,56.140350877193,0.233255228561169,0.402809057242024,0,0.713979746551768,0.157894736842105,0.656171675608588,2.43553496674138,zero,30,0,30,24,0.526315789473684,0.0206494373926475,0.0226191162390894,0,0.0283627784824301,NaN,0.4,-0.00392301733132805,0.65,0.0272092662749704,0.0320904679113444,0.0320904679113444,NaN,0.8,400,57,514,514,409,105,194,49,57,24,2414,17,69,69,69,69,57,57,57,57,57,0,30
LIRCMOP6_BC,1,ref_tau,94,72,1,0.24,72,0,0.00257195076819572,0.00582636444151523,72,30,3,0.0185998450012917,44.4444444444444,0.242763339115734,0.405503798947989,0.260694102144035,0.926626572646531,0.291666666666667,0.680708200386319,2.37569347875166,zero,30,0,30,19,0.416666666666667,0.0191570000469258,0.0258512879906134,0,0.0342433466319233,NaN,0.266666666666667,-0.00635959295726424,0.375,0.0270826088975452,0.0347414162525922,0.0347414162525922,NaN,0.633333333333333,400,57,514,514,422,92,190,48,65,28,1731,2,84,84,84,84,72,72,72,72,72,0,30
LIRCMOP6_BC,1,ref_tau,95,69,1,0.23,69,0,0.00282355164277491,0.00755717741275149,69,30,3,0.0178248514595712,46.3768115942029,0.305438803418698,0.411445531790085,0.0507642367533762,0.926626572646531,0.246376811594203,0.638846289719309,2.27514541839569,zero,30,0,30,6,0.434782608695652,0.0182385573094225,0.0191323326820566,0,0.0257065766431468,NaN,0.233333333333333,-0.0117952535216886,0.217391304347826,0.0237251652851638,0.0272062082296091,0.0272062082296091,NaN,0.2,400,72,544,544,431,113,211,51,67,29,2254,25,83,83,83,83,69,69,69,69,69,0,30
LIRCMOP6_BC,1,ref_tau,96,54,1,0.18,54,0,0.00234004610217137,0.00425984286374159,54,30,3,0.0139498837509687,59.2592592592593,0.311709775927206,0.419926598278909,0,0.926626572646531,0.166666666666667,0.591142096357999,2.12181406173824,zero,30,0,30,5,0.555555555555556,0.0142648455033631,0.0236777487510711,0,0.0273066258028065,NaN,0.333333333333333,-0.0169437585677258,0.166666666666667,0.0191588527639953,0.0279557749538783,0.0279557749538783,NaN,0.166666666666667,400,69,538,538,427,111,216,42,72,25,1725,35,69,69,69,69,54,54,54,54,54,0,30
LIRCMOP6_BC,1,ref_tau,97,60,1,0.2,60,0,0.0024807552757456,0.00681401343960561,60,30,3,0.0154998708344097,53.3333333333333,0.325396014276645,0.463742210752489,0,0.926626572646531,0.2,0.547663736804658,1.90219158574115,zero,30,0,30,1,0.5,0.0145423145663622,0.0158600503045379,0,0.0178905609782211,NaN,0.3,-0.0101128566273928,0.1,0.0166880229509557,0.0259651459992323,0.0259651459992323,NaN,0.0333333333333333,400,54,508,508,422,86,217,43,70,27,1626,27,74,74,74,74,60,60,60,60,60,0,30
LIRCMOP6_BC,1,ref_tau,98,62,1,0.22,62,0,0.00261238454115999,0.0074299034519286,62,30,3,0.0160165331955567,51.6129032258064,0.337656993614629,0.446215965763058,0,0.926626572646531,0.209677419354839,0.543068715410294,1.46205747364896,zero,30,0,30,0,0.483870967741935,0.0118643749546053,0.0140444496043022,0,0.0174033212198277,NaN,0.433333333333333,-0.00515079608387534,0,0.0144027819696599,0.0234371987360671,0.0234371987360671,NaN,0,400,60,520,520,423,97,223,45,73,28,1898,25,76,76,76,72,62,62,62,62,62,0,30
LIRCMOP6_BC,1,ref_tau,99,63,1,0.21,63,0,0.00250203557754669,0.00755162247414908,63,30,3,0.0162748643761302,50.7936507936508,0.322031459888884,0.437452843268341,0.21756782953833,0.926626572646531,0.285714285714286,0.578565182306593,1.43395622809636,zero,30,0,30,0,0.476190476190476,0.00883204522933648,0.0120403212786447,0,0.0185948845980326,NaN,0.5,2.21009161678332e-05,0,0.0130560001640667,0.0252772227664738,0.0252772227664738,NaN,0,400,62,524,524,422,102,225,41,73,27,2020,14,74,74,74,74,63,63,63,63,63,0,30
LIRCMOP6_BC,1,ref_tau,100,63,1,0.21,63,0,0.00226359927512412,0.00641272715276733,63,30,3,0.0162748643761302,50.7936507936508,0.31208895613614,0.428748991409237,0,0.937766102519315,0.238095238095238,0.578181205135901,1.40669819353111,zero,30,0,30,0,0.476190476190476,0.010656314159279,0.0130450995570126,0,0.0238879481902576,NaN,0.5,-0.000152316694490701,0,0.0141260600084731,0.0292666497085302,0.0292666497085302,NaN,0,400,63,526,526,422,104,163,40,74,28,1366,23,77,77,77,74,63,63,63,63,63,0,30
LIRCMOP6_BC,1,ref_tau,101,57,1,0.19,57,0,0.00251402598669024,0.00519868814673611,57,30,3,0.0147248772926892,56.140350877193,0.337656993614629,0.455216170800221,0,0.926626572646531,0.157894736842105,0.571862688870111,1.65364365350814,zero,30,0,30,0,0.526315789473684,0.0148701815224803,0.0153426729925418,0,0.0195445910269077,NaN,0.133333333333333,-0.0452879870644599,0,0.0171928631042861,0.0255993090920206,0.0255993090920206,NaN,0,400,63,526,526,425,101,213,43,68,26,2034,16,75,75,75,72,57,57,57,57,57,0,30
LIRCMOP6_BC,1,ref_tau,102,55,1,0.19,55,0,0.00268760670417667,0.00807384109457983,55,30,3,0.0142082149315422,58.1818181818182,0.31208895613614,0.464038563930548,0,0.926626572646531,0.218181818181818,0.59651666058496,2.09560406092127,zero,30,0,30,4,0.545454545454545,0.0163721347322023,0.017918318466054,0,0.0283810459099032,NaN,0.0666666666666667,-0.0792003956577549,0.157894736842105,0.0205710406578175,0.0305280101049974,0.0305280101049974,NaN,0.133333333333333,400,57,514,514,413,101,221,46,58,27,2663,25,73,73,73,73,55,55,55,55,55,0,30
LIRCMOP6_BC,1,ref_tau,103,70,1,0.24,70,0,0.00259396341511593,0.00916632602012225,70,30,3,0.0180831826401447,45.7142857142857,0.337656993614629,0.442518696686067,0,0.926626572646531,0.214285714285714,0.542549683069901,1.75987435860935,zero,30,0,30,0,0.428571428571429,0.0159522475364719,0.0172992978492243,0,0.0240572896023125,NaN,0.166666666666667,-0.0231236288361266,0,0.0191239743516174,0.0315668729915233,0.0315668729915233,NaN,0,400,55,510,510,414,96,218,50,68,31,1753,15,90,90,90,88,70,70,70,70,70,0,30
LIRCMOP6_BC,1,ref_tau,104,58,1,0.2,58,0,0.00160687742542198,0.00596680107822204,58,30,3,0.0149832084732627,55.1724137931034,0.337656993614629,0.564500618876683,-0,0.358063115304029,0.0517241379310345,0.551096225751938,1.28104305684355,zero,30,0,30,0,0.517241379310345,0.0113297099104557,0.0133877702595035,0,0.025268186856477,NaN,0.133333333333333,-0.0117741773838806,0,0.0180368184856694,0.0293112007591983,0.0293112007591983,NaN,0,400,70,540,540,414,126,207,49,65,28,2025,18,79,79,79,79,58,58,58,58,58,0,30
LIRCMOP6_BC,1,ref_tau,105,60,1,0.2,60,0,0.00167213383086704,0.00626959350492637,60,30,3,0.0154998708344097,53.3333333333333,0.29739767474419,0.429994969204993,0,0.358063115304029,0.05,0.591879501888278,2.21816626242222,zero,30,0,30,0,0.5,0.00818543305987028,0.0122861104608692,0,0.0269596647774274,NaN,0.1,-0.011708415979442,0,0.0197914058701484,0.0313270114331092,0.0313270114331092,NaN,0,400,58,516,516,409,107,218,49,66,28,1926,21,81,81,81,79,60,60,60,60,60,0,30
LIRCMOP6_BC,1,ref_tau,106,72,1,0.24,72,0,0.00179667306020904,0.00855715085588355,72,30,3,0.0185998450012917,44.4444444444444,0.29739767474419,0.420998829441585,-0,0.937766102519315,0.125,0.603889008756816,2.21970927730009,zero,30,0,30,0,0.416666666666667,0.00964112411048493,0.014917591237514,0,0.027869538329343,NaN,0.533333333333333,0.000629062325493923,0,0.0207936798660292,0.0320888765879548,0.0320888765879548,NaN,0,400,60,520,520,413,107,240,50,69,29,1747,23,81,81,81,81,72,72,72,72,72,0,30
LIRCMOP6_BC,1,ref_tau,107,83,1,0.29,83,0,0.0018692597531958,0.00929583003062924,83,30,3,0.0214414879876001,38.5542168674699,0.342502996280788,0.469693637998784,0,0.937766102519315,0.120481927710843,0.569853287421378,1.89808878745756,zero,30,0,30,15,0.36144578313253,0.00229208071452606,0.00763774484574301,0,0.0328106195062667,NaN,0.6,0.00667797975462414,0.448275862068966,0.0180364263436131,0.0360817845583693,0.0360817845583693,NaN,0.5,400,72,544,544,424,120,241,58,68,33,2265,49,92,92,92,92,83,83,83,83,83,0,30
LIRCMOP6_BC,1,ref_tau,108,76,1,0.26,76,0,0.0018399267645755,0.00532353444250916,76,30,3,0.0196331697235856,42.1052631578947,0.31208895613614,0.516401722544468,0,0.847628191485682,0.118421052631579,0.554839335354781,1.66379360308188,zero,30,0,30,3,0.394736842105263,0.00423006480655222,0.00574940863599442,0,0.0307901118488266,NaN,0.4,-0.0078211332317821,0.153846153846154,0.0196633215697019,0.0346237636927966,0.0346237636927966,NaN,0.1,400,83,566,566,435,131,241,55,67,34,3008,40,92,92,92,88,76,76,76,76,76,0,30
LIRCMOP6_BC,1,ref_tau,109,72,1,0.24,72,0,0.00153598685261034,0.00545104986577282,72,30,3,0.0185998450012917,44.4444444444444,0.340079994947708,0.555063000513039,0,0.847628191485682,0.0416666666666667,0.51832703124691,1.3540178926079,zero,30,0,30,0,0.416666666666667,0.00550446267940431,0.00724286915223518,0,0.0189503138810119,NaN,0.366666666666667,-0.0405214085427111,0,0.0194895859311578,0.0367731938218218,0.0367731938218218,NaN,0,400,76,552,552,420,132,220,52,64,30,3052,44,81,81,81,81,72,72,72,72,72,0,30
LIRCMOP6_BC,1,ref_tau,110,57,1,0.2,57,0,0.00161082227342108,0.00536475136104727,57,30,3,0.0147248772926892,56.140350877193,0.31208895613614,0.539150033801339,0,0,0,0.507411680001018,0.797823783808091,zero,17,13,30,0,0.526315789473684,0.00529530790012279,0.00585670955357674,0,0.0148933865243998,NaN,0.666666666666667,0.00684138506171089,0,0.0123028439732888,0.016030075270136,0.0171084286737573,0.0157450370748997,0,400,72,544,544,424,120,205,48,63,26,2960,19,72,72,72,67,57,57,57,57,57,0,30
LIRCMOP6_BC,1,ref_tau,111,60,1,0.2,60,0,0.00150567773547932,0.00480391441813057,60,30,3,0.0154998708344097,53.3333333333333,0.342502996280788,0.571255828762726,0,0,0,0.492431357514514,0.774267769404287,zero,13,17,30,0,0.5,0.00426962829361296,0.00451660896124146,0,0.014070102135002,NaN,0.7,0.021294339471014,0,0.0106097813600997,0.0146423802833761,0.0156884504289379,0.0143089100821228,0,400,57,514,514,408,106,221,51,55,26,2765,26,69,69,69,69,60,60,60,60,60,0,30
LIRCMOP6_BC,1,ref_tau,112,62,1,0.21,62,0,0.00148105027104485,0.00482429159254353,62,30,3,0.0160165331955567,51.6129032258064,0.31208895613614,0.550462453006376,-0,0.358063115304029,0.0967741935483871,0.488291977494721,0.779759730087855,zero,20,10,30,0,0.483870967741935,0.00416661958873765,0.00460225438281381,0,0.0139709055332511,NaN,0.566666666666667,0.00797317949218329,0,0.0124398800754794,0.0146172805667583,0.0146540449420176,0.0145702164044303,0,400,60,520,520,411,109,202,45,58,27,2520,32,74,74,74,74,62,62,62,62,62,0,30
LIRCMOP6_BC,1,ref_tau,113,63,1,0.21,63,0,0.00141269348632098,0.00480120348079501,63,30,3,0.0162748643761302,50.7936507936508,0.342502996280788,0.566655281256062,0,0.976330228363108,0.0952380952380952,0.486709115088143,0.604285189521247,zero,17,13,30,0,0.476190476190476,0.00487090658588539,0.00525262389071742,0,0.0108816831108139,NaN,0.633333333333333,0.0109996851645393,0,0.0094954498044446,0.0140559420609603,0.0155753754840113,0.0121755764574494,0,400,62,524,524,409,115,198,50,66,29,2507,41,78,78,78,76,63,63,63,63,63,0,30
LIRCMOP6_BC,1,ref_tau,114,57,1,0.19,57,0,0.00155495453514109,0.00524060591738802,57,30,3,0.0147248772926892,56.140350877193,0.328392375395083,0.539150033801339,0,0.252730065224923,0.0526315789473684,0.490577089116469,0.749330743355529,zero,12,18,30,0,0.526315789473684,0.00568510459740423,0.0060636738532992,0,0.0111459887842175,NaN,0.6,0.012562349005015,0,0.00965098311314237,0.015556832866519,0.0174767188090786,0.0112524621121448,0,400,63,526,526,421,105,200,47,56,27,3206,40,75,75,75,72,57,57,57,57,57,0,30
LIRCMOP6_BC,1,ref_tau,115,59,1,0.21,59,0,0.0018669370229306,0.00610546249315452,59,30,3,0.0152415396538362,54.2372881355932,0.318122823308952,0.572789344598281,0,0.680676354490687,0.0677966101694915,0.480954866664167,0.833058644649124,zero,9,21,30,0,0.508474576271186,0.00651646016448614,0.00684421979529583,0,0.0120323628850732,NaN,0.6,0.00586883598139828,0,0.0097751451770766,0.012896604064817,0.0159000024651288,0.0127395864476654,0,400,57,514,514,402,112,202,42,51,24,4175,25,67,67,67,67,59,59,59,59,59,0,30
LIRCMOP6_BC,1,ref_tau,116,64,1,0.22,64,0,0.00201627311954575,0.00585850146961087,64,30,3,0.0165331955567037,50,0.315551261607527,0.548245741248051,0,0.680676354490687,0.09375,0.479865950335674,0.904696574056686,zero,10,20,30,0,0.46875,0.00657015842953477,0.00747762663215728,0,0.0146133206612421,NaN,0.633333333333333,0.0230748193860558,0,0.00890917918590895,0.0166239416510418,0.0198416765150392,0.0134263916619745,0,400,59,518,518,406,112,227,43,52,26,3713,32,75,75,75,74,64,64,64,64,64,0,30
LIRCMOP6_BC,1,ref_tau,117,78,1,0.26,78,0,0.00195429061796962,0.00653690636738866,78,30,3,0.0201498320847326,41.025641025641,0.329265501323311,0.544837111615556,0,0.877917267814219,0.205128205128205,0.45598885880989,0.936038389748843,zero,13,17,30,1,0.384615384615385,0.0080554736936253,0.00989714921128738,0,0.0145881963738633,NaN,0.7,0.0169244771917071,0.0769230769230769,0.00971390874972405,0.0163678050511104,0.0185516635432442,0.0143542269232752,0.0333333333333333,400,64,528,528,397,131,249,49,56,31,3945,41,90,90,90,90,78,78,78,78,78,0,30
LIRCMOP6_BC,1,ref_tau,118,80,1,0.27,80,0,0.00201846245694216,0.00845901084276694,80,30,3,0.0206664944458796,40,0.31208895613614,0.562224052039509,0.317169213804988,0.685233473443528,0.2625,0.493613969272605,1.19320952968377,zero,30,0,30,0,0.375,0.0024493502589447,0.0103156711740007,0,0.0127171795864989,NaN,0.233333333333333,-0.0488984332637771,0,0.0187557210488812,0.0359086453028454,0.0359086453028454,NaN,0,400,78,556,556,393,163,259,51,63,32,6373,13,92,92,92,92,80,80,80,80,80,0,30
LIRCMOP6_BC,1,ref_tau,119,79,1,0.27,79,0,0.00155567298737117,0.00480378124304386,79,30,3,0.0204081632653061,40.5063291139241,0.37719331282067,0.578923407940499,0,0.775287544224886,0.20253164556962,0.470667111399886,0.957722287036858,zero,15,15,30,0,0.379746835443038,0.00827295025029715,0.0100821030747709,0,0.0139860800846908,NaN,0.433333333333333,-0.00599952100113296,0,0.0127602939724328,0.0158338820875866,0.0154477443615324,0.0162200198136408,0,400,80,560,560,424,136,212,48,70,33,3413,19,96,96,96,96,79,79,79,79,79,0,30
LIRCMOP6_BC,1,ref_tau,120,72,1,0.24,72,0,0.00174372256237299,0.00549575800888383,72,30,3,0.0185998450012917,44.4444444444444,0.336678853298127,0.516401722544468,0,0.542431263398188,0.0833333333333333,0.463285023918826,0.921587289451371,zero,12,18,30,0,0.416666666666667,0.00798561664913414,0.00854448789689382,0,0.0142636032914396,NaN,0.466666666666667,-0.00184123330221883,0,0.0128075786958116,0.0154812603489037,0.0150939366663926,0.0157166897357287,0,400,79,558,558,438,120,238,49,65,32,4180,10,91,91,91,91,72,72,72,72,72,0,30
LIRCMOP6_BC,1,ref_tau,121,68,1,0.23,68,0,0.00185948419581189,0.00677753845073498,68,30,3,0.0175665202789977,47.0588235294118,0.37719331282067,0.526415245023887,0,0.542431263398188,0.132352941176471,0.452057977017453,1.24501461365285,zero,30,0,30,0,0.441176470588235,0.00413171078794586,0.00819319115588144,0,0.014669008456609,NaN,0.266666666666667,-0.0406979513128991,0,0.0165647653707629,0.0345913826619764,0.0345913826619764,NaN,0,400,72,544,544,425,119,230,47,66,29,3956,23,79,79,79,79,68,68,68,68,68,0,30
LIRCMOP6_BC,1,ref_tau,122,81,1,0.27,81,0,0.00196565920950714,0.00482410912504727,81,30,3,0.0209248256264531,39.5061728395062,0.384312003629352,0.516508909572862,0,0.775287544224886,0.209876543209877,0.453853511760256,1.05053416722489,zero,17,13,30,0,0.37037037037037,0.00768700610985667,0.00859088838452511,0,0.0155633079928637,NaN,0.3,-0.0143370829179497,0,0.0144828653164866,0.0161864704325894,0.0162003941294519,0.0162904687763203,0,400,68,536,536,414,122,240,49,75,35,2876,29,96,96,96,96,81,81,81,81,81,0,30
LIRCMOP6_BC,1,ref_tau,123,77,1,0.26,77,0,0.00181911987945693,0.00538660715488371,77,30,3,0.0198915009041591,41.5584415584416,0.328392375395083,0.516401722544468,0,0.542431263398188,0.116883116883117,0.455890753763165,1.17816365292045,zero,30,0,30,0,0.38961038961039,0.00620745218109534,0.0103702745992524,0,0.0186235642454027,NaN,0.3,-0.0218192003493699,0,0.0225857990375265,0.0377993119864251,0.0377993119864251,NaN,0,400,81,562,562,431,131,235,50,66,32,4667,22,86,86,86,86,77,77,77,77,77,0,30
LIRCMOP6_BC,1,ref_tau,124,81,1,0.27,81,0,0.00226596308798625,0.00900390457438357,81,30,3,0.0209248256264531,39.5061728395062,0.408366138891175,0.578923407940499,0,0.746280480164424,0.222222222222222,0.470491741517906,1.19040170821173,zero,30,0,30,0,0.37037037037037,0.00816485941937831,0.0114629714136539,0,0.0180024024136759,NaN,0.333333333333333,-0.0148354443650666,0,0.0185144932955565,0.0324150462029523,0.0324150462029523,NaN,0,400,77,554,554,432,122,231,49,68,32,3152,15,90,90,90,87,81,81,81,81,81,0,30
LIRCMOP6_BC,1,ref_tau,125,87,1,0.29,87,0,0.00193486725631359,0.00869015276034171,87,30,3,0.0224748127098941,36.7816091954023,0.405503798947989,0.554001110688475,0.052757041914089,0.746280480164424,0.275862068965517,0.456203337733572,1.07446303414542,zero,30,0,30,0,0.344827586206897,0.00525522028395624,0.0115333530784834,0,0.018657223945328,NaN,0.333333333333333,-0.0250923157111902,0,0.0194152631064533,0.0329306871478112,0.0329306871478112,NaN,0,400,81,562,562,441,121,269,53,69,36,4901,22,96,96,96,96,87,87,87,87,87,0,30
LIRCMOP6_BC,1,ref_tau,126,99,1,0.33,99,0,0.00215377220933337,0.00552730853433808,99,30,3,0.025574786876776,32.3232323232323,0.384312003629352,0.526415245023887,0,0.746280480164424,0.191919191919192,0.453563193795898,1.11985435360626,zero,30,0,30,1,0.303030303030303,0.00611257347102302,0.0113199952226972,0,0.018280669128769,NaN,0.266666666666667,-0.0286369191465742,0.0606060606060606,0.0190437266687825,0.0329078096601811,0.0329078096601811,NaN,0.0333333333333333,400,87,574,574,442,132,262,55,75,40,4220,40,108,108,108,105,99,99,99,99,99,0,30
LIRCMOP6_BC,1,ref_tau,127,84,1,0.28,84,0,0.00241469954867128,0.00603980345380631,84,30,3,0.0216998191681736,38.0952380952381,0.363427337887106,0.526415245023887,0,0.746280480164424,0.178571428571429,0.456629733958832,1.19813715981364,zero,30,0,30,0,0.357142857142857,0.00897151527109939,0.0119297059596048,0,0.0196633464249393,NaN,0.2,-0.0365990048940249,0,0.0199574928365384,0.0316795798820283,0.0316795798820283,NaN,0,400,99,598,598,444,154,223,52,74,35,4174,45,90,90,90,89,84,84,84,84,84,0,30
LIRCMOP6_BC,1,ref_tau,128,80,1,0.27,80,0,0.00250209142417846,0.00606002448529272,80,30,3,0.0206664944458796,40,0.397008799338475,0.560897577104622,0,0.569103952672963,0.1125,0.566936702822761,1.52997324680305,zero,29,1,30,0,0.375,0.00504622324854775,0.0119674694721878,0,0.0358672623514369,NaN,0.1,-0.0625342113598284,0,0.0256681877861512,0.0427887461904698,0.0429187455307166,0.0258597136140598,0,400,84,568,568,428,140,237,53,59,32,5598,35,83,83,83,83,80,80,80,80,80,0,30
LIRCMOP6_BC,1,ref_tau,129,83,1,0.28,83,0,0.00161863053072749,0.00516321041428722,83,30,3,0.0214414879876001,38.5542168674699,0.384312003629352,0.578923407940499,0,0.767355967166053,0.072289156626506,0.666374957958834,1.55005049797737,zero,28,2,30,4,0.36144578313253,0.00557662897487019,0.0104311456864171,0,0.0336557816018386,NaN,0.2,-0.0310946171816718,0.0714285714285714,0.0213609456339728,0.0403608475995466,0.0403592705860997,0.0399019515438211,0.133333333333333,400,80,560,560,431,129,238,50,61,32,4636,24,93,93,93,93,83,83,83,83,83,0,30
LIRCMOP6_BC,1,ref_tau,130,102,1,0.34,102,0,0.00207916816204634,0.00632438732564525,102,30,3,0.0263497804184965,31.3725490196078,0.346442046510481,0.528365861807917,0,0.775287544224886,0.205882352941176,0.466732549606103,1.287765468889,zero,30,0,30,0,0.294117647058824,0.00682748700310068,0.0108855821299061,0,0.0205177263066434,NaN,0.233333333333333,-0.074267862450684,0,0.0204904715984558,0.0357582314252341,0.0357582314252341,NaN,0,400,83,566,566,422,144,256,56,65,35,3409,2,105,105,105,105,102,102,102,102,102,0,30
LIRCMOP6_BC,1,ref_tau,131,93,1,0.31,93,0,0.00131736126988668,0.00501919886296806,93,30,3,0.0240247997933351,34.4086021505376,0.319302826325992,0.509800907911472,0,0.746280480164424,0.118279569892473,0.475611265423925,1.34146106345489,zero,30,0,30,0,0.32258064516129,0.00800210335168598,0.0124153139125117,0,0.0202099468728388,NaN,0.166666666666667,-0.0280006201625392,0,0.0210782641902139,0.0335955853297166,0.0335955853297166,NaN,0,400,102,604,604,444,160,264,56,63,34,5347,3,99,99,99,99,93,93,93,93,93,0,30
LIRCMOP6_BC,1,ref_tau,132,96,1,0.32,96,0,0.00127024953086469,0.00572735406081104,96,30,3,0.0247997933350555,33.3333333333333,0.323070587315593,0.508150704253223,-0,0.587209095472651,0.166666666666667,0.472633679515789,1.15016029539005,zero,30,0,30,14,0.3125,0.00596420544325556,0.0100683871013694,0,0.0182679293807036,NaN,0.266666666666667,-0.017823385109879,0.09375,0.0191535054081135,0.0344664478311434,0.0344664478311434,NaN,0.466666666666667,400,93,586,586,442,144,238,54,68,38,4211,30,105,105,105,102,96,96,96,96,96,0,30
LIRCMOP6_BC,1,ref_tau,133,102,1,0.34,102,0,0.00193397586034714,0.00645560539136429,102,30,3,0.0263497804184965,31.3725490196078,0.368095356755253,0.516401722544468,-0,0.775287544224886,0.205882352941176,0.545944551644795,1.57367557611248,zero,30,0,30,0,0.294117647058824,0.00622950340665955,0.0110371075221842,0,0.0246479702397661,NaN,0.333333333333333,-0.0311089533817796,0,0.0245571197137815,0.0347023724972045,0.0347023724972045,NaN,0,400,96,592,592,430,162,264,59,71,41,4520,64,111,111,111,108,102,102,102,102,102,0,30
LIRCMOP6_BC,1,ref_tau,134,103,1,0.35,103,0,0.00166278559858475,0.0061787670814847,103,30,3,0.02660811159907,31.0679611650485,0.374680067287345,0.516669690115453,0,0.775287544224886,0.203883495145631,0.656496521567682,2.88650502648179,zero,29,1,30,30,0.29126213592233,0.0263746097759959,0.0285764912414319,0,0.042668065010811,NaN,0.333333333333333,-0.0727014403195706,0.485714285714286,0.0433633772286702,0.0494823647579067,0.0495723784465231,0.0467239609455212,1,400,102,604,604,446,158,264,58,69,41,4798,35,111,111,111,108,103,103,103,103,103,0,30
LIRCMOP6_BC,1,ref_tau,135,105,1,0.35,105,0,0.00200593435977512,0.00637480499316058,105,30,3,0.027124773960217,30.4761904761905,0.351821450127362,0.503124150843962,0.0508193274616379,0.746280480164424,0.276190476190476,0.677596118115061,3.06857676137644,zero,26,4,30,30,0.285714285714286,0.0361599372516683,0.0405194346959663,0,0.0449091349362696,NaN,0.233333333333333,-0.114159919462651,0.4,0.0446893231525667,0.0470194414587113,0.0473166887721497,0.045484628292256,1,400,103,606,606,451,155,271,58,65,40,5395,36,111,111,111,108,105,105,105,105,105,0,30
LIRCMOP6_BC,1,ref_tau,136,99,1,0.33,99,0,0.00130919396884009,0.00720744125727991,99,30,3,0.025574786876776,32.3232323232323,0.326256529637474,0.467951946811305,0,0.87377567976352,0.121212121212121,0.644578387883869,1.75576246772451,zero,30,0,30,5,0.303030303030303,0.0231883422283163,0.0244126965757755,0,0.0258695299033398,NaN,0.3,-0.0349782380576595,0.121212121212121,0.0245707741444301,0.0295139212899274,0.0295139212899274,NaN,0.166666666666667,400,105,610,610,443,167,279,59,66,40,5870,84,108,108,108,108,99,99,99,99,99,0,30
LIRCMOP6_BC,1,ref_tau,137,117,1,0.39,117,0,0.00174521657090472,0.00651277538860779,117,30,3,0.0302247481270989,27.3504273504273,0.374680067287345,0.508150704253223,0,0.746280480164424,0.222222222222222,0.56094768027196,1.00722057381495,zero,29,1,30,5,0.256410256410256,0.0117285881307778,0.0127605002464238,0,0.0140439987670215,NaN,0.266666666666667,-0.0354740044160095,0.179487179487179,0.0142504621107972,0.0222662944310415,0.0223899849893907,0.0170547838252823,0.166666666666667,400,99,598,598,432,166,280,65,71,47,5000,48,126,126,126,126,117,117,117,117,117,0,30
LIRCMOP6_BC,1,ref_tau,138,116,1,0.39,116,0,0.00184335756286776,0.00679397641972685,116,30,3,0.0299664169465254,27.5862068965517,0.376333058166747,0.507648048912297,0,0.746280480164424,0.181034482758621,0.498468899800771,1.47202663687427,zero,30,0,30,4,0.258620689655172,0.00468525252271079,0.00886075163703771,0,0.0124807239370809,NaN,0.233333333333333,-0.0171103311070395,0.0512820512820513,0.0130753397342162,0.026263564526341,0.026263564526341,NaN,0.133333333333333,400,117,634,634,457,177,285,59,72,44,5917,16,122,122,122,121,116,116,116,116,116,0,30
LIRCMOP6_BC,1,ref_tau,139,114,1,0.38,114,0,0.00135342907087125,0.00513971967841323,114,30,3,0.0294497545853785,28.0701754385965,0.368095356755253,0.467951946811305,0,0.746280480164424,0.184210526315789,0.467411430288452,1.53880126170183,zero,30,0,30,0,0.263157894736842,0.00861680668688143,0.0122038973443567,0,0.0170747749231546,NaN,0.266666666666667,-0.0112703666813027,0,0.0175793726990576,0.0301828258586275,0.0301828258586275,NaN,0,400,116,632,632,454,178,254,63,69,44,5403,4,132,132,132,130,114,114,114,114,114,0,30
LIRCMOP6_BC,1,ref_tau,140,102,1,0.34,102,0,0.00123905561624282,0.00467691433652998,102,30,3,0.0263497804184965,31.3725490196078,0.364730743628549,0.467951946811305,-0,0.566027347588,0.0882352941176471,0.502854411898257,1.44737983351559,zero,30,0,30,0,0.294117647058824,0.00786693756039136,0.0134837714356215,0,0.0198257344687713,NaN,0.166666666666667,-0.049527286053998,0,0.0205819247494656,0.037494294166354,0.037494294166354,NaN,0,400,114,628,628,452,176,283,59,69,44,6204,38,120,120,120,117,102,102,102,102,102,0,30
LIRCMOP6_BC,1,ref_tau,141,111,1,0.37,111,0,0.0013811946501372,0.00475180000667648,111,30,3,0.028674761043658,28.8288288288288,0.362937522950086,0.50787003178766,0,0.746280480164424,0.153153153153153,0.490456286737564,1.40639916811762,zero,29,1,30,17,0.27027027027027,0.00143738377510307,0.00996820128014373,0,0.017416643521156,NaN,0.166666666666667,-0.0114263608991296,0.108108108108108,0.0178376320689629,0.033869756427752,0.0340593819051252,0.0240456065324491,0.566666666666667,400,102,604,604,438,166,263,61,67,44,5372,44,126,126,126,123,111,111,111,111,111,0,30
LIRCMOP6_BC,1,ref_tau,142,117,1,0.39,117,0,0.00133454029859153,0.00551384752964816,117,30,3,0.0302247481270989,27.3504273504273,0.398524203548027,0.524569535562546,0,0.682004517039052,0.170940170940171,0.495136326847427,1.29995525081061,zero,30,0,30,15,0.256410256410256,0.00369817617247244,0.00986625243706559,0,0.0137982744204438,NaN,0.3,-0.00665835528003994,0.153846153846154,0.0141801069685254,0.0240090925367793,0.0240090925367793,NaN,0.5,400,111,622,622,445,177,261,62,75,46,4746,50,129,129,129,128,117,117,117,117,117,0,30
LIRCMOP6_BC,1,ref_tau,143,131,1,0.44,131,0,0.00163427659860539,0.00651026096964341,131,30,3,0.0338413846551279,24.4274809160305,0.369621773122871,0.530308710240149,0,0.682004517039052,0.229007633587786,0.461829476910036,1.16292122165102,zero,28,2,30,14,0.229007633587786,0.00150137760345811,0.00927152603080086,0,0.0154074154713244,NaN,0.2,-0.0560940342389051,0.0454545454545455,0.0159663901767028,0.0290347220823876,0.0294081581770962,0.0230066337144338,0.466666666666667,400,117,634,634,440,194,297,66,76,51,5396,72,144,144,144,143,131,131,131,131,131,0,30
LIRCMOP6_BC,1,ref_tau,144,117,1,0.39,117,0,0.00128604634076704,0.00458233705149058,117,30,3,0.0302247481270989,27.3504273504273,0.369621773122871,0.521559107297059,0,0.582980506480432,0.153846153846154,0.450519251883871,1.19852774185235,zero,29,1,30,4,0.256410256410256,0.00109669394494597,0.0114999625151732,0,0.018453183051812,NaN,0.166666666666667,-0.0510811270005641,0.0512820512820513,0.0190548777468339,0.0318413789654072,0.0319678167141951,0.0245405182923103,0.133333333333333,400,131,662,662,447,215,296,64,72,47,7191,24,126,126,126,126,117,117,117,117,117,0,30
LIRCMOP6_BC,1,ref_tau,145,120,1,0.4,120,0,0.00134804568781057,0.00501371615568259,120,30,3,0.0309997416688194,26.6666666666667,0.362937522950086,0.505637427548592,0,0.582980506480432,0.15,0.454232472319293,1.24645702200642,zero,29,1,30,2,0.25,0.00044539321694176,0.0107724554778162,0,0.0177106894992639,NaN,0.1,-0.0805708099659312,0.05,0.0184351120424779,0.0331118523689738,0.0332434735919537,0.0246415677057682,0.0666666666666667,400,117,634,634,444,190,281,62,71,47,6462,33,129,129,129,129,120,120,120,120,120,0,30
LIRCMOP6_BC,1,ref_tau,146,107,1,0.37,107,0,0.00121481233799818,0.00451081175843511,107,30,3,0.027641436321364,29.9065420560748,0.398524203548027,0.508150704253223,0,0.567701444880139,0.0560747663551402,0.451586948655494,1.19431178150167,zero,28,2,30,0,0.280373831775701,0.00185812199632898,0.0104046832039569,0,0.0180670999406435,NaN,0.133333333333333,-0.0665153100295894,0,0.0187210489609125,0.0327774681325949,0.0330775858733034,0.0250525802837959,0,400,120,640,640,443,197,298,63,69,45,7364,60,118,118,118,117,107,107,107,107,107,0,30
LIRCMOP6_BC,1,ref_tau,147,120,1,0.4,120,0,0.00166188567451102,0.00505652926312576,120,30,3,0.0309997416688194,26.6666666666667,0.364730743628549,0.516746908444471,-0,0.567701444880139,0.141666666666667,0.460323929664506,1.18050992204562,zero,28,2,30,0,0.25,0.00262593027103547,0.011649743399002,0,0.0200390043790658,NaN,0.2,-0.0639630099089092,0,0.0207087089330342,0.0352259742963511,0.035504951864499,0.0276844406028701,0,400,107,614,614,432,182,282,65,72,47,5713,16,129,129,129,129,120,120,120,120,120,0,30
LIRCMOP6_BC,1,ref_tau,148,108,1,0.36,108,0,0.00142099485482517,0.00477701322809826,108,30,3,0.0278997675019375,29.6296296296296,0.408366138891175,0.524911208058019,-0,0.117422655940443,0.0555555555555556,0.484575618192859,1.25564115917708,zero,28,2,30,0,0.277777777777778,0.00752687153684486,0.0111385665086611,0,0.0209393329814422,NaN,0.166666666666667,-0.0554434384285523,0,0.0264311509239222,0.0377530238392455,0.0379369748731707,0.0312064801762064,0,400,120,640,640,450,190,291,62,69,44,7789,22,119,119,119,118,108,108,108,108,108,0,30
LIRCMOP6_BC,1,ref_tau,149,108,1,0.36,108,0,0.00144411792925657,0.00503462342231434,108,30,3,0.0278997675019375,29.6296296296296,0.360828129516217,0.508582608830923,-0,0.117422655940443,0.0833333333333333,0.478846352410031,1.37691951491773,zero,30,0,30,0,0.277777777777778,0.00706535523746952,0.0112103185833334,0,0.0188173085186393,NaN,0.166666666666667,-0.0494799007611945,0,0.0222302818382743,0.0342146590434434,0.0342146590434434,NaN,0,400,108,616,616,447,169,265,58,71,44,6118,33,120,120,120,120,108,108,108,108,108,0,30
LIRCMOP6_BC,1,ref_tau,150,123,1,0.41,123,0,0.00135412850429589,0.00426954421064311,123,30,3,0.0317747352105399,26.0162601626016,0.339108030490202,0.503630047771637,0,0.449738941902968,0.121951219512195,0.448943002967252,1.17006800348239,zero,29,1,30,0,0.24390243902439,0.00573129185267076,0.0100204431114011,0,0.0175269887672161,NaN,0.166666666666667,-0.0553509498219616,0,0.0209593998847627,0.032356636255457,0.0324598285085669,0.0274212013863951,0,400,108,616,616,437,179,288,64,75,49,5747,16,138,138,138,138,123,123,123,123,123,0,30
LIRCMOP6_BC,1,ref_tau,151,114,1,0.38,114,0,0.00115916669860279,0.00416228458850365,114,30,3,0.0294497545853785,28.0701754385965,0.351821450127362,0.508150704253223,-0,0.138499916964374,0.0789473684210526,0.503253944885297,1.31139605570972,zero,29,1,30,0,0.263157894736842,0.00558653639168198,0.0112191017718298,0,0.0161997286746752,NaN,0.233333333333333,-0.0554131459065635,0,0.0204373355694791,0.0319572344375912,0.0320718734543811,0.0261228359923481,0,400,123,646,646,442,204,298,66,73,48,7036,69,132,132,132,131,114,114,114,114,114,0,30
LIRCMOP6_BC,1,ref_tau,152,117,1,0.39,117,0,0.00113246971711142,0.00390751094122768,117,30,3,0.0302247481270989,27.3504273504273,0.356548867352514,0.503528868386102,0,0.138499916964374,0.0769230769230769,0.488011173534779,1.39509159953157,zero,30,0,30,0,0.256410256410256,0.00719557579406457,0.0121620510302819,0,0.0169484456428889,NaN,0.266666666666667,-0.0383870814724012,0,0.0194567090956057,0.0316757927800982,0.0316757927800982,NaN,0,400,114,628,628,451,177,268,66,76,48,5295,18,135,135,135,133,117,117,117,117,117,0,30
LIRCMOP6_BC,1,ref_tau,153,94,1,0.32,94,0,0.00127168062754307,0.00537162735632939,94,30,3,0.0242831309739086,34.0425531914894,0.364037730464732,0.503626806184888,0,0.138499916964374,0.127659574468085,0.521328573749241,1.37056689400991,zero,26,4,30,0,0.319148936170213,0.0087911078911146,0.012144005067775,0,0.0191550901513575,NaN,0.3,-0.0479978342725023,0,0.02363340775448,0.0369576782522092,0.0374336080597788,0.0299009008384916,0,400,117,634,634,454,180,272,57,60,40,8363,24,108,108,108,107,94,94,94,94,94,0,30
LIRCMOP6_BC,1,ref_tau,154,108,1,0.36,108,0,0.00120930510934124,0.00460080462153881,108,30,3,0.0278997675019375,29.6296296296296,0.360266730008294,0.503124150843962,0,0.449738941902968,0.138888888888889,0.513465552600838,1.30822107392201,zero,30,0,30,0,0.277777777777778,0.00933711674299155,0.0134682409003143,0,0.0190203732636551,NaN,0.2,-0.0538838989265681,0,0.021285424560774,0.033762858311353,0.033762858311353,NaN,0,400,94,588,588,437,151,252,61,73,46,4289,28,126,126,126,126,108,108,108,108,108,0,30
LIRCMOP6_BC,1,ref_tau,155,116,1,0.39,116,0,0.00137578678114085,0.00458458057152621,116,30,3,0.0299664169465254,27.5862068965517,0.373841942077353,0.508150704253223,0,0.138499916964374,0.103448275862069,0.49001826575035,1.1936998730804,zero,30,0,30,0,0.258620689655172,0.00783203863901798,0.0121142524415183,0,0.0189030439229655,NaN,0.233333333333333,-0.0488136380083228,0,0.0213724258431048,0.0350712884024988,0.0350712884024988,NaN,0,400,108,616,616,430,186,275,64,75,51,5969,22,138,138,138,138,116,116,116,116,116,0,30
LIRCMOP6_BC,1,ref_tau,156,117,1,0.39,117,0,0.00153520347201456,0.00486388091039346,117,30,3,0.0302247481270989,27.3504273504273,0.398524203548027,0.500253121101939,0,0.138499916964374,0.102564102564103,0.543434379673721,1.08055819097843,zero,30,0,30,1,0.256410256410256,0.00390149259120333,0.00769866941479737,0,0.019404295841344,NaN,0.2,-0.0537153028808302,0.0512820512820513,0.021609037888229,0.0360585480803042,0.0360585480803042,NaN,0.0333333333333333,400,116,632,632,438,194,259,61,75,48,6421,63,129,129,129,127,117,117,117,117,117,0,30
LIRCMOP6_BC,1,ref_tau,157,123,1,0.41,123,0,0.00148569699604477,0.00455991709378631,123,30,3,0.0317747352105399,26.0162601626016,0.374680067287345,0.508150704253223,0,0.575856347261649,0.130081300813008,0.541883204866557,1.11575390155809,zero,30,0,30,9,0.24390243902439,0.00273881495744693,0.00666242825998346,0,0.0195116827768992,NaN,0.166666666666667,-0.0566551043065674,0.0487804878048781,0.0201387676084006,0.0325424480846702,0.0325424480846702,NaN,0.3,400,117,634,634,438,196,290,63,78,50,6188,30,135,135,135,135,123,123,123,123,123,0,30
LIRCMOP6_BC,1,ref_tau,158,100,1,0.34,100,0,0.00123484886602287,0.00367183247869455,100,30,3,0.0258331180573495,32,0.373841942077353,0.508217886171111,0,0.493525695368557,0.09,0.523228825103135,0.957807061361681,zero,30,0,30,7,0.3,0.00289179916358643,0.00709505159289518,0,0.0178402191014414,NaN,0.166666666666667,-0.0424224027917925,0.0588235294117647,0.0210300476888792,0.0310167803950401,0.0310167803950401,NaN,0.233333333333333,400,123,646,646,445,201,267,53,71,41,7730,80,110,110,110,110,100,100,100,100,100,0,30
LIRCMOP6_BC,1,ref_tau,159,105,1,0.35,105,0,0.00112529411996322,0.00262475280669792,105,30,3,0.027124773960217,30.4761904761905,0.373841942077353,0.488769002133844,0,0.50907958592869,0.0857142857142857,0.531843405495221,1.04062651845335,zero,30,0,30,0,0.285714285714286,0.00582039489205865,0.0110681752358939,0,0.0177924733345208,NaN,0.266666666666667,-0.0192610031243457,0,0.0200405716300532,0.0298360868661004,0.0298360868661004,NaN,0,400,100,600,600,422,178,274,56,73,43,6272,26,120,120,120,120,105,105,105,105,105,0,30
LIRCMOP6_BC,1,ref_tau,160,126,1,0.42,126,0,0.00161512640823499,0.00506912133395134,126,30,3,0.0325497287522604,25.3968253968254,0.408366138891175,0.497832644706351,-0,0.6516612399408,0.134920634920635,0.508133733183636,1.10386151402953,zero,30,0,30,0,0.238095238095238,0.00588624559294942,0.0131404066887516,0,0.0177161972535816,NaN,0.333333333333333,-0.0252360014367389,0,0.019399306774241,0.0309811776463996,0.0309811776463996,NaN,0,400,105,610,610,409,201,278,62,77,50,5898,24,141,141,141,141,126,126,126,126,126,0,30
LIRCMOP6_BC,1,ref_tau,161,123,1,0.41,123,0,0.00138403744498115,0.00504533342359895,123,30,3,0.0317747352105399,26.0162601626016,0.373841942077353,0.491640031875868,0,0.493525695368557,0.0731707317073171,0.479018726940959,1.04895765684834,zero,28,2,30,0,0.24390243902439,0.00369795884858739,0.0126059138441474,0,0.0186318017916333,NaN,0.266666666666667,-0.0269837514472058,0,0.0197216966528303,0.0314581596782739,0.031727718606933,0.0250198115148832,0,400,126,652,652,450,202,300,67,75,52,7147,38,138,138,138,138,123,123,123,123,123,0,30
LIRCMOP6_BC,1,ref_tau,162,114,1,0.38,114,0,0.00113392031286201,0.00411781945603032,114,30,3,0.0294497545853785,28.0701754385965,0.357072402209508,0.488769002133844,0,0.575856347261649,0.105263157894737,0.486214571658211,1.15159204257955,zero,29,1,30,0,0.263157894736842,0.00435495252987893,0.0123170141380206,0,0.0194320024817431,NaN,0.3,-0.0254442755324823,0,0.0199470732931376,0.0324104638383502,0.032546016792479,0.0256969814009841,0,400,123,646,646,436,210,294,62,73,47,7211,46,123,123,123,122,114,114,114,114,114,0,30
LIRCMOP6_BC,1,ref_tau,163,102,1,0.34,102,0,0.000963326176504189,0.00363385233646602,102,30,3,0.0263497804184965,31.3725490196078,0.406964582835676,0.504223576274402,-0,1,0.0588235294117647,0.540670513753618,1.20849790115423,zero,30,0,30,0,0.294117647058824,0.00935537297978674,0.0142586620921486,0,0.0185185517431189,NaN,0.233333333333333,-0.086019879901302,0,0.019223384144571,0.0292733246616469,0.0292733246616469,NaN,0,400,114,628,628,433,195,278,60,69,42,6495,8,120,120,120,119,102,102,102,102,102,0,30
LIRCMOP6_BC,1,ref_tau,164,114,1,0.38,114,0,0.00125857154134822,0.00422533794288348,114,30,3,0.0294497545853785,28.0701754385965,0.414367702455943,0.504223576274402,0,1,0.157894736842105,0.520144260793223,1.10247190871737,zero,17,13,30,0,0.263157894736842,0.0119071781625145,0.0146806477994099,0,0.0181004391176143,NaN,0.333333333333333,-0.0343174807348872,0,0.018157967621911,0.0193827939652172,0.0196381266288794,0.018657142321516,0,400,102,604,604,424,180,274,66,78,49,5098,24,129,129,129,128,114,114,114,114,114,0,30
LIRCMOP6_BC,1,ref_tau,165,109,1,0.37,109,0,0.00125222764091947,0.00453130759049119,109,30,3,0.028158098682511,29.3577981651376,0.373841942077353,0.503124150843962,0,1,0.137614678899083,0.502434027347879,1.05562059318389,zero,13,17,30,0,0.275229357798165,0.0112219812307219,0.0129439767678146,0,0.0176796295199277,NaN,0.4,-0.0123946831036707,0,0.0171440628472104,0.0185228431065605,0.0199050727307141,0.0174176571373569,0,400,114,628,628,442,186,295,67,69,47,6929,22,126,126,126,126,109,109,109,109,109,0,30
LIRCMOP6_BC,1,ref_tau,166,105,1,0.35,105,0,0.00109783755063462,0.00281030543463627,105,30,3,0.027124773960217,30.4761904761905,0.408366138891175,0.545981511361192,0,0.819782960174212,0.0666666666666667,0.518031498116817,1.09977608451062,zero,15,15,30,0,0.285714285714286,0.0137843249183516,0.0151193941290252,0,0.0216049742835556,NaN,0.4,-0.0104577777503871,0,0.0212830352499383,0.0219071051052474,0.0219158353072119,0.021880812060328,0,400,109,618,618,427,191,259,65,69,46,6437,25,120,120,120,120,105,105,105,105,105,0,30
LIRCMOP6_BC,1,ref_tau,167,90,1,0.3,90,0,0.00114741777996207,0.00325495511487078,90,30,3,0.0232498062516146,35.5555555555556,0.357595937066502,0.545981511361192,0,0.819782960174212,0.0444444444444444,0.535718780139004,1.15350383790247,zero,10,20,30,0,0.333333333333333,0.0135513793741079,0.014869852692526,0,0.0213637135338649,NaN,0.366666666666667,-0.0240290186829697,0,0.0204759060118496,0.0216832723122794,0.0217255625262639,0.021681420611757,0,400,105,610,610,412,198,252,53,57,35,9644,10,99,99,99,98,90,90,90,90,90,0,30
LIRCMOP6_BC,1,ref_tau,168,117,1,0.39,117,0,0.00111660213926406,0.00418889629472341,117,30,3,0.0302247481270989,27.3504273504273,0.422396315731813,0.555062351378017,0,1,0.170940170940171,0.53156828090735,1.11905235824376,zero,19,11,30,0,0.256410256410256,0.0132052890439247,0.0160009038075588,0,0.0208460604721077,NaN,0.4,-0.00860917237309623,0,0.0207063617468847,0.0212045420315483,0.0212053835363659,0.0211589562696955,0,400,90,580,580,396,184,250,63,70,49,4562,10,135,135,135,132,117,117,117,117,117,0,30
LIRCMOP6_BC,1,ref_tau,169,86,1,0.29,86,0,0.00128846216687078,0.0048094998215942,86,30,3,0.0222164815293206,37.2093023255814,0.421677651439963,0.507708512638396,0,0.819782960174212,0.13953488372093,0.554574261070228,1.09323964131115,zero,15,15,30,0,0.348837209302326,0.0119378374834215,0.0128471914451299,0,0.0201397092297605,NaN,0.266666666666667,-0.0456594496674032,0,0.019524681163819,0.0204200334080888,0.0204130159270887,0.020480761665228,0,400,117,634,634,416,218,262,51,59,37,9171,4,105,105,105,105,86,86,86,86,86,0,30
LIRCMOP6_BC,1,ref_tau,170,98,1,0.33,98,0,0.00132934399407489,0.00500186048758154,98,30,3,0.0253164556962025,32.6530612244898,0.41220273710175,0.504223576274402,0,1,0.0918367346938776,0.574696283846053,1.11264570193835,zero,16,14,30,0,0.306122448979592,0.011877945124631,0.0143376950024169,0,0.0212041615855063,NaN,0.633333333333333,0.0239962403499062,0,0.0208236945372299,0.021495411041941,0.0215038680758828,0.021429617742208,0,400,86,572,572,397,175,234,55,58,38,5956,4,111,111,111,111,98,98,98,98,98,0,30
LIRCMOP6_BC,1,ref_tau,171,124,1,0.43,124,0,0.00187629855311133,0.00778097096034206,124,30,3,0.0320330663911134,25.8064516129032,0.421265234637394,0.510477167386759,0,0.852818673688417,0.120967741935484,0.540293346586929,1.0856709908035,zero,19,11,30,0,0.241935483870968,0.0103189487639472,0.0124938876562234,0,0.0208541925203212,NaN,0.533333333333333,0.0157719194990646,0,0.0208234451665853,0.0217090733354274,0.0217246614042185,0.0216862644542704,0,400,98,596,596,416,180,271,63,75,50,4733,8,140,140,140,140,124,124,124,124,124,0,30
LIRCMOP6_BC,1,ref_tau,172,117,1,0.4,117,0,0.00136506495404371,0.00531343029944043,117,30,3,0.0302247481270989,27.3504273504273,0.421265234637394,0.556517065201883,0,0.852818673688417,0.0854700854700855,0.572117659064559,1.1467030745469,zero,14,16,30,0,0.256410256410256,0.00942112648990994,0.0110147820667077,0,0.0219344978752453,NaN,0.533333333333333,0.0159580331720433,0,0.020648319285734,0.0223085856896386,0.0222969416950394,0.0223144403605468,0,400,124,648,648,432,216,268,61,64,44,7838,2,128,128,128,128,117,117,117,117,117,0,30
LIRCMOP6_BC,1,ref_tau,173,125,1,0.42,125,0,0.00128058871175548,0.00464090597903984,125,30,3,0.0322913975716869,25.6,0.420472263001137,0.562943656920455,0,0.737845941470598,0.12,0.523663991786529,1.06304080645757,zero,17,13,30,0,0.24,0.00913426413746193,0.0120211979417232,0,0.0206103728713261,NaN,0.733333333333333,0.04583370994244,0,0.0207126561715704,0.0211954005448771,0.0211434133621948,0.0212173721465859,0,400,117,634,634,432,202,256,61,68,46,6546,1,134,134,134,134,125,125,125,125,125,0,30
LIRCMOP6_BC,1,ref_tau,174,123,1,0.41,123,0,0.0012853481639387,0.00517435123492084,123,30,3,0.0317747352105399,26.0162601626016,0.421677651439963,0.564936217821493,0,0.737845941470598,0.121951219512195,0.665917275633942,1.88061717068666,zero,13,17,30,0,0.24390243902439,0.0100623660914212,0.0121727935349406,0,0.0292034789135395,NaN,0.5,-0.00576302969395565,0,0.0277338571603827,0.0295376829432291,0.0295082675780633,0.0295700447735317,0,400,125,650,650,429,221,253,55,65,46,8906,4,133,133,133,133,123,123,123,123,123,0,30
LIRCMOP6_BC,1,ref_tau,175,120,1,0.4,120,0,0.00109632564855225,0.0038992546448746,120,30,3,0.0309997416688194,26.6666666666667,0.422036983585888,0.572906461425644,0,0.737845941470598,0.1,0.657040311954157,1.32184544042877,zero,12,18,30,0,0.25,0.00713424988035592,0.0101906424995584,0,0.0201306777167195,NaN,0.466666666666667,-0.0091492732402485,0,0.018377419871494,0.0204493693049892,0.020459051346711,0.0204590604662168,0,400,123,646,646,430,216,277,56,64,46,8722,7,133,133,133,129,120,120,120,120,120,0,30
LIRCMOP6_BC,1,ref_tau,176,138,1,0.46,138,0,0.00160652466984785,0.00478484634409604,138,30,3,0.0356497029191423,23.1884057971014,0.41220273710175,0.574159451324604,0,1,0.202898550724638,0.567990237026433,1.03003560087017,zero,16,14,30,0,0.217391304347826,0.00962616656331429,0.0115875514308857,0,0.0200120470613552,NaN,0.566666666666667,0.0202402407348751,0,0.0196635959274693,0.0203247571576714,0.0203927084628327,0.0202568058525101,0,400,120,640,640,427,213,270,58,79,50,6279,17,145,145,145,145,138,138,138,138,138,0,30
LIRCMOP6_BC,1,ref_tau,177,135,1,0.45,135,0,0.00129451895879568,0.00496285269300633,135,30,3,0.0348747093774219,23.7037037037037,0.421677651439963,0.582453758936105,-0,0.737845941470598,0.244444444444444,0.567174063809418,1.10934562485087,zero,11,19,30,0,0.222222222222222,0.00893918804255103,0.0109262675090289,0,0.0211838708619209,NaN,0.466666666666667,-0.0264681817742945,0,0.0200850947754641,0.0214049205329868,0.0214823814281709,0.0213623579535829,0,400,138,676,676,440,236,288,59,73,50,8814,8,145,145,145,139,135,135,135,135,135,0,30
LIRCMOP6_BC,1,ref_tau,178,112,1,0.38,112,0,0.0011645608039013,0.00422403808458825,112,30,3,0.0289330922242315,28.5714285714286,0.421677651439963,0.684675232653181,0,0.675472753545412,0.133928571428571,0.586607375607854,1.08381005310476,zero,16,14,30,0,0.267857142857143,0.0101918135261678,0.0132500550859946,0,0.0189323894111221,NaN,0.666666666666667,0.0215419832233896,0,0.0187029061167027,0.0192304395017328,0.0192180538810748,0.019260677377925,0,400,135,670,670,441,229,286,51,57,40,11049,5,118,118,118,118,112,112,112,112,112,0,30
LIRCMOP6_BC,1,ref_tau,179,130,1,0.44,130,0,0.00112358804424617,0.00389521357880657,130,30,3,0.0335830534745544,24.6153846153846,0.41220273710175,0.612063607732995,0,1,0.161538461538462,0.574658760414642,1.01227032522237,zero,18,12,30,0,0.230769230769231,0.00967135420041525,0.014039196295383,0,0.0199454231143454,NaN,0.7,0.023175618372872,0,0.0190204575869543,0.0201416592288244,0.0200899683191983,0.0201487660216899,0,400,112,624,624,418,206,268,57,71,48,6613,13,141,141,141,141,130,130,130,130,130,0,30
LIRCMOP6_BC,1,ref_tau,180,143,1,0.48,143,0,0.0021302069227045,0.00663582218021444,143,30,3,0.0369413588220098,22.3776223776224,0.408714053606588,0.574696446995586,0,0.491549632774961,0.104895104895105,0.571890530234197,1.0706212452682,zero,18,12,30,0,0.20979020979021,0.0105340615156737,0.0132454096294287,0,0.020211964249622,NaN,0.633333333333333,0.0218554885022533,0,0.0199335331154898,0.0203833383121469,0.0203548568148051,0.0204211804626347,0,400,130,660,660,426,234,297,60,71,49,7375,0,147,147,147,147,143,143,143,143,143,0,30
LIRCMOP6_BC,1,ref_tau,181,153,1,0.51,153,0,0.001988311913974,0.00643254764686282,153,30,3,0.0395246706277448,20.9150326797386,0.399120231066263,0.578926890728485,0,0.491549632774961,0.0392156862745098,0.562734577888341,1.11737632058327,zero,21,9,30,0,0.196078431372549,0.0115208627394388,0.015392682406038,0,0.0222694317246535,NaN,0.566666666666667,0.0177640105233006,0,0.0217238262247736,0.0225780437077755,0.0225674021136765,0.0227727211354814,0,400,143,686,686,439,247,273,62,75,52,7369,0,156,156,156,156,153,153,153,153,153,0,30
LIRCMOP6_BC,1,ref_tau,182,129,1,0.43,129,0,0.00156937925756451,0.00526491094423246,129,30,3,0.0333247222939809,24.8062015503876,0.420472263001137,0.598036088143023,0,0.491549632774961,0.0697674418604651,0.567097350711441,1.05652189157616,zero,22,8,30,0,0.232558139534884,0.0104328167486936,0.0150026856356927,0,0.0197778320882571,NaN,0.6,0.0101324924501039,0,0.0183244894744582,0.0200429391928147,0.0200116713266007,0.0200076574165389,0,400,153,706,706,452,254,305,57,66,46,10511,0,138,138,138,138,129,129,129,129,129,0,30
LIRCMOP6_BC,1,ref_tau,183,153,1,0.51,153,0,0.00167575020254332,0.00441799497353439,153,30,3,0.0395246706277448,20.9150326797386,0.41220273710175,0.596286150156667,0,1,0.117647058823529,0.562162921499146,1.06316729881291,zero,21,9,30,0,0.196078431372549,0.00944189936586093,0.0145210818522962,0,0.0189103652098252,NaN,0.433333333333333,-0.0116374869510593,0,0.0179103561951753,0.0204965085356567,0.0201868867474881,0.0216201180846957,0,400,129,658,658,430,228,288,63,78,54,6331,4,159,159,159,159,153,153,153,153,153,0,30
LIRCMOP6_BC,1,ref_tau,184,141,1,0.47,141,0,0.0017325930503914,0.00527575887530726,141,30,3,0.0364246964608628,22.6950354609929,0.418369661102805,0.595848665660077,0,1,0.148936170212766,0.555776797435013,1.06185192202581,zero,17,13,30,0,0.212765957446809,0.00996715688178437,0.0144062845429695,0,0.0201712784350014,NaN,0.433333333333333,-0.00658614844022054,0,0.0184313884215482,0.0204671250874219,0.0204638865979703,0.0204823134826912,0,400,153,706,706,455,251,302,61,76,51,9887,17,147,147,147,144,141,141,141,141,141,0,30
LIRCMOP6_BC,1,ref_tau,185,162,1,0.54,162,0,0.00178566569516628,0.00510549421596605,162,30,3,0.0418496512529062,19.7530864197531,0.421434289366475,0.612063607732995,0,0.675472753545412,0.0925925925925926,0.51989425699367,0.938567521800346,zero,26,4,30,0,0.185185185185185,0.012023769407262,0.0133281549958017,0,0.0173469563310753,NaN,0.433333333333333,-0.00923217568444737,0,0.0167884419683739,0.0201129914109293,0.0189627823901562,0.0211792158500344,0,400,141,682,682,444,238,298,67,85,59,6194,0,177,177,177,177,162,162,162,162,162,0,30
LIRCMOP6_BC,1,ref_tau,186,153,1,0.51,153,0,0.00173625114778978,0.00501804047047918,153,30,3,0.0395246706277448,20.9150326797386,0.431031529335181,0.614977789787941,0,0.807232704053179,0.130718954248366,0.576130219098053,1.0739934940551,zero,27,3,30,0,0.196078431372549,0.0138587773033073,0.0161702388233506,0,0.0198268678455329,NaN,0.5,-0.00424821938760039,0,0.017872773075334,0.0213221814609714,0.020337873344388,0.0223042628978659,0,400,162,724,724,467,257,327,65,82,55,7363,0,165,165,165,165,153,153,153,153,153,0,30
LIRCMOP6_BC,1,ref_tau,187,156,1,0.52,156,0,0.00134817016755513,0.00349780926655514,156,30,3,0.0402996641694653,20.5128205128205,0.436521128693191,0.612063607732995,0,1,0.134615384615385,0.569558256832164,1.06035738836018,zero,24,6,30,0,0.192307692307692,0.0135876967810932,0.0156593837445898,0,0.0199392482494908,NaN,0.433333333333333,-0.0126400785975602,0,0.0184140143164952,0.0211416219623765,0.0207309932184229,0.0228037628228545,0,400,153,706,706,454,252,271,68,79,58,7260,0,174,174,174,174,156,156,156,156,156,0,30
LIRCMOP6_BC,1,ref_tau,188,165,1,0.55,165,0,0.00157008923793824,0.00586617173633987,165,30,3,0.0426246447946267,19.3939393939394,0.429705670147143,0.626634518007725,0,1,0.163636363636364,0.805732463072954,1.18244077685209,zero,25,5,30,16,0.181818181818182,0.00200064818830227,0.00575672423706054,0,0.020603237402861,NaN,0.333333333333333,-0.0130633604806515,0.327272727272727,0.0184186352776341,0.0232506684474168,0.0223067949552069,0.0241945419396267,0.533333333333333,400,156,712,712,434,278,310,71,84,62,7997,10,183,183,183,180,165,165,165,165,165,0,30
LIRCMOP6_BC,1,ref_tau,189,168,1,0.56,168,0,0.00192512581478849,0.00620190446314225,168,30,3,0.0433996383363472,19.047619047619,0.417299526416782,0.633786187938985,0,1,0.196428571428571,0.834172586062617,1.99905895667254,zero,29,1,30,11,0.178571428571429,0.0212389432146433,0.0340054173658688,0,0.0356608375907616,NaN,0.3,-0.00788024800454135,0.232142857142857,0.0287416906120005,0.0365187857133006,0.03665819130955,0.0326388154712798,0.366666666666667,400,165,730,730,445,285,325,68,90,63,8253,19,183,183,183,181,168,168,168,168,168,0,30
LIRCMOP6_BC,1,ref_tau,190,162,1,0.54,162,0,0.00262443128599375,0.00901836217229667,162,30,3,0.0418496512529062,19.7530864197531,0.436521128693191,0.633786187938985,0,1,0.166666666666667,0.711494303281584,3.05192008031901,zero,27,3,30,30,0.185185185185185,0.0379869136762144,0.0592862416366088,0,0.0710591751942035,NaN,0.433333333333333,-0.00371009427329977,0.5,0.041362120651275,0.0726232711142173,0.071164675205989,0.0737476560937137,1,400,168,736,736,449,287,336,67,84,59,9081,5,176,176,176,176,162,162,162,162,162,0,30
LIRCMOP6_BC,1,ref_tau,191,168,1,0.56,168,0,0.00239638774988584,0.00765931424466985,168,30,3,0.0433996383363472,19.047619047619,0.417299526416782,0.626634518007725,0,1,0.196428571428571,0.662114941466454,0.849436705501302,zero,28,2,30,0,0.178571428571429,0.00611431430307713,0.00702338756229781,0,0.0156326093113121,NaN,0.433333333333333,-0.00642640135621791,0,0.0139510169451273,0.016151845781624,0.0161064889736042,0.0161820872983683,0,400,162,724,724,450,274,322,69,90,63,8207,7,187,187,187,187,168,168,168,168,168,0,30
LIRCMOP6_BC,1,ref_tau,192,166,1,0.56,166,0,0.0028647534885088,0.00946943019994904,166,30,3,0.0428829759752002,19.2771084337349,0.429705670147143,0.695733492484464,-0,1,0.234939759036145,0.82756135361307,0.955660859187412,zero,22,8,30,14,0.180722891566265,0.00133296953051138,0.00385553018687133,0,0.0219613636100739,NaN,0.433333333333333,-0.00891589220843325,0.178571428571429,0.0122095320903687,0.0256768578251321,0.0255294804738845,0.0244490837257434,0.466666666666667,400,168,736,736,430,306,328,69,85,62,9958,10,186,186,186,185,166,166,166,166,166,0,30
LIRCMOP6_BC,1,ref_tau,193,172,1,0.58,172,0,0.00249340289097658,0.00769483518781763,172,30,3,0.0444329630586412,18.6046511627907,0.429705670147143,0.743700478993612,0,1,0.156976744186047,0.696652696944241,3.63896089696952,zero,21,9,30,30,0.174418604651163,0.0469762838620016,0.0602439472688996,0,0.0609049825098614,NaN,0.533333333333333,0.000367002307147979,0.327586206896552,0.0493524998394389,0.061550116792685,0.061472438236695,0.0612179556662195,1,400,166,732,732,438,294,321,72,85,64,9282,2,192,192,192,189,172,172,172,172,172,0,30
LIRCMOP6_BC,1,ref_tau,194,168,1,0.57,168,0,0.00198622105098925,0.00620790293734664,168,30,3,0.0433996383363472,19.047619047619,0.4138950454323,0.633786187938985,0,1,0.196428571428571,0.778053819219072,1.99827369140493,zero,19,11,30,19,0.178571428571429,0.0289798686459837,0.0397061325103523,0,0.0397410708327956,NaN,0.433333333333333,-0.0127634781673922,0.175438596491228,0.0320090337025687,0.0401397535730945,0.039378170799254,0.0405654454661733,0.633333333333333,400,172,744,744,457,287,326,70,84,62,9536,9,186,186,186,183,168,168,168,168,168,0,30
LIRCMOP6_BC,1,ref_tau,195,165,1,0.55,165,0,0.00183812670079718,0.00555303927925494,165,30,3,0.0426246447946267,19.3939393939394,0.41558735376285,0.684163561049239,0,1,0.157575757575758,0.849868718750252,6.46030746817556,zero,22,8,30,30,0.181818181818182,0.0845105814895347,0.108905938572662,0,0.120154398831409,NaN,0.166666666666667,-0.0131334446509606,0.436363636363636,0.0846526339225122,0.120862893445106,0.120115110288369,0.121958731144869,1,400,168,736,736,452,284,333,70,84,61,9078,1,183,183,183,177,165,165,165,165,165,0,30
LIRCMOP6_BC,1,ref_tau,196,186,1,0.62,186,0,0.00226264181350525,0.00701821495799326,186,30,3,0.0480495995866701,17.2043010752688,0.41558735376285,0.695733492484464,-0,0.738233443036263,0.204301075268817,0.6729057990413,1.05753249621041,zero,20,10,30,0,0.161290322580645,0.00478548553834115,0.012085657698588,0,0.0184755983327425,NaN,0.266666666666667,-0.0343299166118437,0,0.0155028582520817,0.01966137250597,0.01966137250597,0.0184947478592993,0,400,165,730,730,453,277,296,73,91,66,7412,0,198,198,198,198,186,186,186,186,186,0,30
LIRCMOP6_BC,1,ref_tau,197,162,1,0.54,162,0,0.00151184569981233,0.0048478824498166,162,30,3,0.0418496512529062,19.7530864197531,0.422396315731813,0.743700478993612,0,1,0.141975308641975,0.632016531435819,0.890893281348872,zero,20,10,30,0,0.185185185185185,0.0056661520146167,0.00866319758502618,0,0.015611854192456,NaN,0.266666666666667,-0.0104436427740439,0,0.0152842592997888,0.0159195400956949,0.0159195400956949,0.0159497955444326,0,400,186,772,772,477,295,329,68,85,59,10157,2,174,174,174,174,162,162,162,162,162,0,30
LIRCMOP6_BC,1,ref_tau,198,170,1,0.57,170,0,0.00244652443399472,0.00711440236190421,170,30,3,0.0439163006974942,18.8235294117647,0.41558735376285,0.695733492484464,0,0.738233443036263,0.158823529411765,0.719275416930115,1.02287591953903,zero,21,9,30,0,0.176470588235294,0.00802772540783705,0.00970838177005614,0,0.0177602795882567,NaN,0.666666666666667,0.0326661229331069,0,0.013030567719583,0.0193580682723459,0.0190303976152518,0.0208022324775698,0,400,162,724,724,455,269,323,69,85,60,8466,0,180,180,180,180,170,170,170,170,170,0,30
LIRCMOP6_BC,1,ref_tau,199,159,1,0.53,159,0,0.0014689986696038,0.00371628157474178,159,30,3,0.0410746577111857,20.125786163522,0.423638506920104,0.695733492484464,0,1,0.150943396226415,0.751426693363284,1.12449446374762,zero,27,3,30,0,0.188679245283019,0.012505548405694,0.0161167355364376,0,0.0252614696235592,NaN,0.6,0.00313568072728193,0,0.0143652107603396,0.0284748352594324,0.0281747531390799,0.0284748352594324,0,400,170,740,740,446,294,328,66,85,56,10879,0,168,168,168,168,159,159,159,159,159,0,30
LIRCMOP6_BC,1,ref_tau,200,168,1,0.56,168,0,0.0019967581200186,0.00433642102536766,168,30,3,0.0433996383363472,19.047619047619,0.436055941418888,0.743700478993612,0,1,0.178571428571429,0.749189074287369,3.31313726538709,zero,28,2,30,30,0.178571428571429,0.0437852672541363,0.0453093233952465,0,0.045865299981742,NaN,0.233333333333333,-0.0174596155225017,0.446428571428571,0.0450311397070386,0.0466305922133059,0.0466498073561586,0.0463595850761653,1,400,159,718,718,436,282,320,68,90,62,7956,0,186,186,186,186,168,168,168,168,168,0,30
LIRCMOP6_BC,1,ref_tau,201,175,1,0.59,175,0,0.00165830962624643,0.00466901426603637,175,30,3,0.0452079566003617,18.2857142857143,0.436066816325031,0.743700478993612,0,0.807232704053179,0.137142857142857,0.705651524832428,0.707235147456918,zero,25,5,30,6,0.171428571428571,0.00658096971372063,0.0121018060316879,0,0.0128058649109558,NaN,0.3,-0.0157638098843981,0.11864406779661,0.010233546559145,0.0146179972092125,0.0146179972092125,0.0146179972092125,0.2,400,168,736,736,444,292,338,70,90,63,8634,0,189,189,189,189,175,175,175,175,175,0,30
LIRCMOP6_BC,1,ref_tau,202,177,1,0.59,177,0,0.00205155469525577,0.00617847076266042,177,30,3,0.0457246189615087,18.0790960451977,0.46303296549082,0.756232769104031,0,0.807232704053179,0.135593220338983,0.767714204004569,3.71332845901004,zero,27,3,30,30,0.169491525423729,0.047733023649883,0.0647592227284378,0,0.0712925291950017,NaN,0.6,0.0192058493480269,0.542372881355932,0.0489770923660024,0.0730766112032591,0.0735430302012262,0.0722992462066472,1,400,175,750,750,453,297,324,69,93,64,8743,0,190,190,190,190,177,177,177,177,177,0,30
LIRCMOP6_BC,1,ref_tau,203,165,1,0.55,165,0,0.00157741402602703,0.00459237895578263,165,30,3,0.0426246447946267,19.3939393939394,0.475951480005707,0.754625468491703,0,0.675472753545412,0.157575757575758,0.719147016678181,1.55119872021725,zero,22,8,30,2,0.181818181818182,0.0221136746558222,0.0228883585887971,0,0.0280350641211051,NaN,0.466666666666667,-0.00258328126251961,0.0363636363636364,0.022907146839883,0.0290118933673985,0.0268933527886488,0.0335608715239464,0.0666666666666667,400,177,754,754,449,305,344,66,83,57,13392,0,171,171,171,171,165,165,165,165,165,0,30
LIRCMOP6_BC,1,ref_tau,204,166,1,0.56,166,0,0.00194828616110035,0.00670441494729637,166,30,3,0.0428829759752002,19.2771084337349,0.4427752313568,0.743700478993612,0,1,0.144578313253012,0.659325463342298,1.0817468838508,zero,30,0,30,0,0.180722891566265,0.0111053064814171,0.0139281149167129,0,0.0216403786527733,NaN,0.233333333333333,-0.0225555546723678,0,0.0204154017106814,0.0218723665867963,0.0218723665867963,NaN,0,400,165,730,730,437,293,322,64,89,59,9158,0,177,177,177,177,166,166,166,166,166,0,30
LIRCMOP6_BC,1,ref_tau,205,171,1,0.57,171,0,0.00154797746877142,0.0040754719360962,171,30,3,0.0441746318780677,18.7134502923977,0.475951480005707,0.759365841631636,-0,1,0.187134502923977,0.881897057044071,1.07557618475404,zero,23,7,30,13,0.175438596491228,0.00264442152600204,0.0036831250925099,0,0.0181384435990535,NaN,0.3,-0.0234375588073638,0.140350877192982,0.0127323541411974,0.0187961829917356,0.0158330919653321,0.0221976924659173,0.433333333333333,400,166,732,732,432,300,323,66,87,60,10206,7,180,180,180,180,171,171,171,171,171,0,30
LIRCMOP6_BC,1,ref_tau,206,177,1,0.59,177,0,0.00140569481134864,0.00369831169287109,177,30,3,0.0457246189615087,18.0790960451977,0.463351281434419,0.746639371802202,0,1,0.186440677966102,0.768618270090735,5.20742012698674,zero,21,9,30,30,0.169491525423729,0.0628934865260153,0.0804094056005863,0,0.0806974421513349,NaN,0.566666666666667,0.0109503238558448,0.406779661016949,0.0632006799099364,0.0807530529431321,0.0803005792736145,0.081470164114914,1,400,171,742,742,434,308,329,69,87,62,10695,10,186,186,186,186,177,177,177,177,177,0,30
LIRCMOP6_BC,1,ref_tau,207,180,1,0.6,180,0,0.00153204593492257,0.00401065647746155,180,30,3,0.0464996125032291,17.7777777777778,0.476727047487601,0.719716985739038,0,1,0.166666666666667,0.712988859893794,1.82355316269691,zero,25,5,30,22,0.166666666666667,0.0273027496214365,0.0298799081062432,0,0.0301973308836129,NaN,0.266666666666667,-0.040067539252129,0.316666666666667,0.0282409245076038,0.0305690037298725,0.0306818382452558,0.0299731662940546,0.733333333333333,400,177,754,754,455,299,340,70,90,64,9642,3,192,192,192,192,180,180,180,180,180,0,30
LIRCMOP6_BC,1,ref_tau,208,192,1,0.64,192,0,0.0018770597981665,0.00435858279291288,192,30,3,0.0495995866701111,16.6666666666667,0.455301308344018,0.695733492484464,0,0.675472753545412,0.1875,0.662755024388188,2.34949270460805,zero,23,7,30,3,0.15625,0.0142166219848875,0.0228218824809157,0,0.035988829196881,NaN,0.266666666666667,-0.0194896283023691,0.03125,0.0333672818969496,0.0363543517553868,0.0363147425325044,0.0362603379128779,0.1,400,180,760,760,450,310,345,74,92,69,9151,5,207,207,207,207,192,192,192,192,192,0,30
LIRCMOP6_BC,1,ref_tau,209,174,1,0.58,174,0,0.00151222306908789,0.00398913613094014,174,30,3,0.0449496254197882,18.3908045977011,0.43000073325132,0.684163561049239,0,1,0.137931034482759,0.623559922495845,2.42426065391587,zero,28,2,30,4,0.172413793103448,0.0191729916349578,0.0243988349653661,0,0.0361000733882909,NaN,0.466666666666667,-0.00381922176095495,0.103448275862069,0.0343929224418553,0.0363575219989385,0.036449916921282,0.0343929224418553,0.133333333333333,400,192,784,784,473,311,342,68,88,60,10832,3,180,180,180,180,174,174,174,174,174,0,30
LIRCMOP6_BC,1,ref_tau,210,189,1,0.63,189,0,0.00184558528889737,0.00498683491619294,189,30,3,0.0488245931283906,16.9312169312169,0.43567763788107,0.695733492484464,0,0.860571330740508,0.142857142857143,0.793269494180801,0.79811099663557,zero,26,4,30,11,0.158730158730159,0.00392344875132593,0.0075226976277735,0,0.0122751360706121,NaN,0.6,0.0173097358919568,0.238095238095238,0.0115445764678211,0.0126825465287741,0.012693004230121,0.0115438556715441,0.366666666666667,400,174,748,748,445,303,327,71,93,66,8828,0,198,198,198,198,189,189,189,189,189,0,30
LIRCMOP6_BC,1,ref_tau,211,192,1,0.64,192,0,0.00160312974570333,0.00442778663651814,192,30,3,0.0495995866701111,16.6666666666667,0.436066816325031,0.694234322872294,0,0.807232704053179,0.177083333333333,0.673450087505665,0.727251857016537,zero,24,6,30,9,0.15625,0.00611446552396783,0.00884306683579003,0,0.0102361088161925,NaN,0.466666666666667,-0.00455061475347784,0.171875,0.00739310372981441,0.011044993076946,0.0117746072302703,0.00899486178075403,0.3,400,189,778,778,476,302,343,74,91,69,9534,0,207,207,207,207,192,192,192,192,192,0,30
LIRCMOP6_BC,1,ref_tau,212,177,1,0.59,177,0,0.00173034226353787,0.00499166430431592,177,30,3,0.0457246189615087,18.0790960451977,0.425072477817873,0.683692454720339,0,0.884207728468976,0.0847457627118644,0.814264940495877,1.80683417972303,zero,23,7,30,1,0.169491525423729,0.00940567914772239,0.0146268948995198,0,0.0277668944859444,NaN,0.4,-0.0208941548128041,0.0338983050847458,0.025371558064958,0.0279999695669552,0.0279509790829575,0.0280114756654566,0.0333333333333333,400,192,784,784,462,322,358,68,84,60,13481,0,180,180,180,180,177,177,177,177,177,0,30
LIRCMOP6_BC,1,ref_tau,213,198,1,0.66,198,0,0.00195553239654451,0.00474528711322075,198,30,3,0.0511495737535521,16.1616161616162,0.423638506920104,0.684163561049239,0,0.860571330740508,0.131313131313131,0.840789874673021,2.81433056807805,zero,23,7,30,30,0.151515151515152,0.0390308555760574,0.0448304751203592,0,0.0578150299111986,NaN,0.566666666666667,0.0081594502984042,0.439393939393939,0.0413869700933039,0.0588175341512744,0.0608828559429117,0.0499643891204435,1,400,177,754,754,454,300,338,76,92,71,9236,4,213,213,213,213,198,198,198,198,198,0,30
LIRCMOP6_BC,1,ref_tau,214,171,1,0.57,171,0,0.00145079608197911,0.00416629378433535,171,30,3,0.0441746318780677,18.7134502923977,0.422396315731813,0.688791533623329,0,0.884207728468976,0.0994152046783626,0.873071967444305,4.99180291869378,zero,27,3,30,30,0.175438596491228,0.0520684461575061,0.0626169166227665,0,0.0678595318392783,NaN,0.166666666666667,-0.061802715385626,0.43859649122807,0.0569695983993427,0.0694829610348587,0.0703425905611965,0.0590960694007953,1,400,198,796,796,494,302,363,70,86,61,11877,0,183,183,183,177,171,171,171,171,171,0,30
LIRCMOP6_BC,1,ref_tau,215,187,1,0.63,187,0,0.00171194768526936,0.00489296416327439,187,30,3,0.0483079307672436,17.1122994652406,0.423638506920104,0.684163561049239,-0,1,0.122994652406417,0.77265661567723,1.57034518619218,zero,22,8,30,0,0.160427807486631,0.0103298879369415,0.0165294766841544,0,0.0299824765127701,NaN,0.0666666666666667,-0.0419166440676937,0,0.0230265345119337,0.0301832116749989,0.0301982150632851,0.0300318348884411,0,400,171,742,742,448,294,333,75,88,65,9419,8,195,195,195,195,187,187,187,187,187,0,30
LIRCMOP6_BC,1,ref_tau,216,195,1,0.65,195,0,0.0021747783674658,0.00552740257658957,195,30,3,0.0503745802118316,16.4102564102564,0.423638506920104,0.695730905558459,0,1,0.133333333333333,0.668461691889401,2.02828814183359,zero,24,6,30,5,0.153846153846154,0.020321466284454,0.0241850413765576,0,0.0294147153720326,NaN,0.2,-0.03237477541828,0.0615384615384615,0.0277528039060511,0.0297420917603228,0.0298477523362759,0.0293044873540431,0.166666666666667,400,187,774,774,456,318,348,76,93,70,9548,0,210,210,210,210,195,195,195,195,195,0,30
LIRCMOP6_BC,1,ref_tau,217,165,1,0.55,165,0,0.00220911886465456,0.00632933341424711,165,30,3,0.0426246447946267,19.3939393939394,0.432014611540954,0.695730905558459,0,1,0.145454545454545,0.74206209744953,2.7382233445093,zero,26,4,30,6,0.181818181818182,0.0203809563708229,0.0256185436692087,0,0.0406646505986524,NaN,0.166666666666667,-0.0676529066721824,0.2,0.0380661802783694,0.0409531633334328,0.0410994051368562,0.0391749820569792,0.2,400,195,790,790,484,306,343,66,86,57,11570,0,171,171,171,171,165,165,165,165,165,0,30
LIRCMOP6_BC,1,ref_tau,218,183,1,0.61,183,0,0.00179784576682391,0.0049823654811786,183,30,3,0.0472746060449496,17.4863387978142,0.422396315731813,0.695733492484464,0,1,0.0983606557377049,0.697560773602307,1.37782022224478,zero,26,4,30,0,0.163934426229508,0.0136993897684477,0.021143739589315,0,0.0225300912749049,NaN,0.233333333333333,-0.0282238118595809,0,0.0191282711954481,0.0228883854838532,0.0229021210268305,0.0228137063652883,0,400,165,730,730,447,283,314,72,92,66,7629,0,197,197,197,197,183,183,183,183,183,0,30
LIRCMOP6_BC,1,ref_tau,219,199,1,0.67,199,0,0.00207045222388096,0.00524079803765516,199,30,3,0.0514079049341256,16.0804020100502,0.43567763788107,0.695730905558459,0,1,0.0603015075376884,0.878025187701958,1.55681095576245,zero,22,8,30,2,0.150753768844221,0.00346646224563572,0.0204662558599293,0,0.0260520277943991,NaN,0.466666666666667,-0.00554464063466231,0.0298507462686567,0.01107157905575,0.0263544635167792,0.0262715459202398,0.0261408306466361,0.0666666666666667,400,183,766,766,472,294,341,77,94,71,8315,0,213,213,213,213,199,199,199,199,199,0,30
LIRCMOP6_BC,1,ref_tau,220,189,1,0.63,189,0,0.00187015826265557,0.00512787010817701,189,30,3,0.0488245931283906,16.9312169312169,0.43567763788107,0.695730905558459,0,1,0.111111111111111,0.720417059669682,2.6009279846988,zero,28,2,30,7,0.158730158730159,0.0133295525419326,0.0342029138347391,0,0.0386597714480571,NaN,0.5,-0.00232794227746741,0.142857142857143,0.0187523036352635,0.0388427341624339,0.0394129276350052,0.0176899235610009,0.233333333333333,400,199,798,798,461,337,358,73,100,73,10583,0,219,219,219,219,189,189,189,189,189,0,30
LIRCMOP6_BC,1,ref_tau,221,171,1,0.57,171,0,0.00166818737883756,0.00533635774721224,171,30,3,0.0441746318780677,18.7134502923977,0.423638506920104,0.759365841631636,0,1,0.087719298245614,0.649632354227848,1.07433019076609,zero,30,0,30,7,0.175438596491228,0.0128979323515075,0.0238433794015221,0,0.0242409228601078,NaN,0.433333333333333,-0.0139915077022367,0.140350877192982,0.0137006657636954,0.0242467869257117,0.0242467869257117,NaN,0.233333333333333,400,189,778,778,466,312,345,68,94,63,13056,1,189,189,189,189,171,171,171,171,171,0,30
LIRCMOP6_BC,1,ref_tau,222,183,1,0.61,183,0,0.00186960263127465,0.00457954913064043,183,30,3,0.0472746060449496,17.4863387978142,0.43567763788107,0.7084599623139,-0,0.95469363369346,0.147540983606557,0.709023241737457,1.19668606477243,zero,30,0,30,3,0.163934426229508,0.00860455102394083,0.0232022732924458,0,0.0245789908914842,NaN,0.533333333333333,0.00415348969489082,0.0819672131147541,0.0128546134033097,0.0247925126539668,0.0247925126539668,NaN,0.1,400,171,742,742,453,289,333,72,100,72,8311,0,216,216,216,213,183,183,183,183,183,0,30
LIRCMOP6_BC,1,ref_tau,223,186,1,0.62,186,0,0.00215947661933025,0.00525171999826267,186,30,3,0.0480495995866701,17.2043010752688,0.433846124711012,0.695733492484464,0,0.95469363369346,0.129032258064516,0.665156968758157,0.722603099515262,zero,30,0,30,4,0.161290322580645,0.00839371123126592,0.0111005758335595,0,0.0129310546901377,NaN,0.533333333333333,0.00467548445012986,0.0967741935483871,0.0101258935660715,0.0131526433365125,0.0131526433365125,NaN,0.133333333333333,400,183,766,766,465,301,345,72,100,72,8729,0,216,216,216,216,186,186,186,186,186,0,30
LIRCMOP6_BC,1,ref_tau,224,172,1,0.58,172,0,0.00202639805315597,0.00663860110853053,172,30,3,0.0444329630586412,18.6046511627907,0.422396315731813,0.759365841631636,-0,1,0.104651162790698,0.67543731760947,1.27290378038181,zero,30,0,30,10,0.174418604651163,0.0124295863515449,0.0261947435518176,0,0.0267545842899795,NaN,0.466666666666667,-0.000723002374025256,0.155172413793103,0.0164071026630185,0.0274389719957292,0.0274389719957292,NaN,0.333333333333333,400,186,772,772,465,307,341,68,100,68,10748,0,202,202,202,202,172,172,172,172,172,0,30
LIRCMOP6_BC,1,ref_tau,225,182,1,0.61,182,0,0.00190223062466283,0.00555642663507999,182,30,3,0.0470162748643761,17.5824175824176,0.422396315731813,0.759800041459442,0,1,0.148351648351648,0.753618322983758,1.70075099710567,zero,30,0,30,13,0.164835164835165,0.0124879982092285,0.0340114865251074,0,0.0366547300924668,NaN,0.566666666666667,0.00594555933289687,0.131147540983607,0.0165242872026327,0.0367444884356951,0.0367444884356951,NaN,0.433333333333333,400,172,744,744,458,286,330,69,100,69,7908,12,207,207,207,206,182,182,182,182,182,0,30
LIRCMOP6_BC,1,ref_tau,226,186,1,0.62,186,0,0.00160627259594666,0.0049616740553799,186,30,3,0.0480495995866701,17.2043010752688,0.422396315731813,0.760813174390988,0,1,0.129032258064516,0.6540996157778,1.01703101619461,zero,30,0,30,3,0.161290322580645,0.00803637890738176,0.015533983688689,0,0.0199376153364798,NaN,0.433333333333333,-0.0107058553416574,0.0483870967741935,0.0109099093282956,0.0201406247676384,0.0201406247676384,NaN,0.1,400,182,764,764,469,295,346,69,100,69,8701,0,207,207,207,207,186,186,186,186,186,0,30
LIRCMOP6_BC,1,ref_tau,227,186,1,0.62,186,0,0.00127230924575405,0.00460743211479584,186,30,3,0.0480495995866701,17.2043010752688,0.421503391235243,0.759365841631636,0,1,0.129032258064516,0.665899496672885,1.45043185213489,zero,30,0,30,10,0.161290322580645,0.0144004667263133,0.0279554514492256,0,0.0313825325729222,NaN,0.433333333333333,-0.00973407583543084,0.129032258064516,0.0203038346545521,0.031662638382508,0.031662638382508,NaN,0.333333333333333,400,186,772,772,482,290,350,71,100,71,8626,31,212,212,212,212,186,186,186,186,186,0,30
LIRCMOP6_BC,1,ref_tau,228,189,1,0.63,189,0,0.00139012458914949,0.00460206682565401,189,30,3,0.0488245931283906,16.9312169312169,0.420610466738673,0.759365841631636,0,1,0.174603174603175,0.64602238381676,0.998202037224986,zero,30,0,30,3,0.158730158730159,0.00845173311036241,0.0121977148586505,0,0.0181776401599551,NaN,0.4,-0.00887456967133621,0.0634920634920635,0.0127106636927138,0.0186010646972125,0.0186010646972125,NaN,0.1,400,186,772,772,475,297,338,70,100,70,8611,0,210,210,210,210,189,189,189,189,189,0,30
LIRCMOP6_BC,1,ref_tau,229,162,1,0.54,162,0,0.00123238312405624,0.00357361287588851,162,30,3,0.0418496512529062,19.7530864197531,0.458557533124704,0.760829461567143,-0,0.95469363369346,0.0925925925925926,0.642495225325559,1.20505322628282,zero,30,0,30,5,0.185185185185185,0.00707356842606951,0.013761583823218,0,0.0233077542720813,NaN,0.3,-0.0150622265547808,0.0925925925925926,0.0200910684890777,0.023767690698359,0.023767690698359,NaN,0.166666666666667,400,189,778,778,479,299,346,66,93,60,12360,0,180,180,180,180,162,162,162,162,162,0,30
LIRCMOP6_BC,1,ref_tau,230,158,1,0.54,158,0,0.0013055646952595,0.00420009467157072,158,30,3,0.0408163265306122,20.253164556962,0.458557533124704,0.759365841631636,0,0.95469363369346,0.113924050632911,0.585387749427303,1.23206440094573,zero,30,0,30,2,0.189873417721519,0.00878099524695295,0.0133778531903433,0,0.0176981802185651,NaN,0.533333333333333,0.00186493580092845,0.0555555555555556,0.0133625527554654,0.0180148653619161,0.0180148653619161,NaN,0.0666666666666667,400,162,724,724,453,271,318,67,95,62,7631,0,186,186,186,186,158,158,158,158,158,0,30
LIRCMOP6_BC,1,ref_tau,231,191,1,0.64,191,0,0.00150313558452721,0.00535591373530638,191,30,3,0.0493412554895376,16.7539267015707,0.43567763788107,0.759365841631636,0,1,0.12565445026178,0.587066589607912,0.822955989120808,zero,28,2,30,2,0.157068062827225,0.00843782842821234,0.0132481834955228,0,0.0153862979463261,NaN,0.433333333333333,-0.000220066372731198,0.0625,0.00973426142510105,0.0155554898690907,0.0158608337874089,0.0141990845252903,0.0666666666666667,400,158,716,716,450,266,309,75,100,75,7020,8,224,224,224,222,191,191,191,191,191,0,30
LIRCMOP6_BC,1,ref_tau,232,187,1,0.63,187,0,0.00168465911276368,0.00576673440207305,187,30,3,0.0483079307672436,17.1122994652406,0.432014611540954,0.695730905558459,0,1,0.149732620320856,0.60127586753708,0.928322929550961,zero,30,0,30,5,0.160427807486631,0.00704381357347493,0.0107801984076356,0,0.01372121503882,NaN,0.466666666666667,-0.00607370562657678,0.111111111111111,0.00943910278368103,0.0138963618870923,0.0138963618870923,NaN,0.166666666666667,400,191,782,782,468,314,347,74,100,74,9063,10,221,221,221,218,187,187,187,187,187,0,30
LIRCMOP6_BC,1,ref_tau,233,188,1,0.63,188,0,0.00153202550646461,0.00565683944087404,188,30,3,0.0485662619478171,17.0212765957447,0.422396315731813,0.730598803558807,0,1,0.143617021276596,0.600545819900691,1.14760434316272,zero,30,0,30,1,0.159574468085106,0.00991567690855566,0.0150000217101086,0,0.0198016442493572,NaN,0.433333333333333,-0.00498699852564871,0.0317460317460317,0.0113683912427361,0.0208559439669588,0.0208559439669588,NaN,0.0333333333333333,400,187,774,774,479,295,346,72,100,72,8576,12,216,216,216,216,188,188,188,188,188,0,30
LIRCMOP6_BC,1,ref_tau,234,177,1,0.59,177,0,0.00100288814280893,0.00322641902303098,177,30,3,0.0457246189615087,18.0790960451977,0.436066816325031,0.731053629246865,0,1,0.11864406779661,0.626386607820634,1.1719595458852,zero,30,0,30,4,0.169491525423729,0.00832547953682922,0.0181767637412735,0,0.0297224146727518,NaN,0.433333333333333,-0.0177157719735319,0.135593220338983,0.0103543482292473,0.0303083700537874,0.0303083700537874,NaN,0.133333333333333,400,188,776,776,484,292,315,67,100,67,8114,0,201,201,201,201,177,177,177,177,177,0,30
LIRCMOP6_BC,1,ref_tau,235,165,1,0.55,165,0,0.000898630637917167,0.00260651740212951,165,30,3,0.0426246447946267,19.3939393939394,0.436066816325031,0.701531729664412,0,0.95469363369346,0.109090909090909,0.585016560447601,1.32008517587429,zero,30,0,30,4,0.181818181818182,0.0100606764018781,0.0175390166238892,0,0.0194452705446801,NaN,0.5,0.00195696536011694,0.0727272727272727,0.0124207962610908,0.0196376685512026,0.0196376685512026,NaN,0.133333333333333,400,177,754,754,474,280,328,64,95,59,9818,0,177,177,177,177,165,165,165,165,165,0,30
LIRCMOP6_BC,1,ref_tau,236,185,1,0.62,185,0,0.00132766980450066,0.00465283580037291,185,30,3,0.0477912684060966,17.2972972972973,0.45523615541164,0.730598803558807,0,1,0.124324324324324,0.63614085998219,1.07161950752537,zero,30,0,30,6,0.162162162162162,0.00911934885100151,0.0223513628964747,0,0.0225659317179139,NaN,0.566666666666667,0.00996437655498802,0.161290322580645,0.0131027723969233,0.0225662644875997,0.0225662644875997,NaN,0.2,400,165,730,730,453,277,299,70,100,70,7409,14,210,210,210,210,185,185,185,185,185,0,30
LIRCMOP6_BC,1,ref_tau,237,180,1,0.6,180,0,0.00112981662926797,0.00378668541452186,180,30,3,0.0464996125032291,17.7777777777778,0.449415533076346,0.745990255029934,0,0.95469363369346,0.1,0.591060442489426,0.890542466821999,zero,30,0,30,5,0.166666666666667,0.00663763382185111,0.0107715869802483,0,0.0147240014826944,NaN,0.466666666666667,-0.00550892980193221,0.116666666666667,0.00921693438711298,0.0156098067847866,0.0156098067847866,NaN,0.166666666666667,400,185,770,770,477,293,339,68,100,68,9035,12,204,204,204,201,180,180,180,180,180,0,30
LIRCMOP6_BC,1,ref_tau,238,196,1,0.66,196,0,0.00156702587550803,0.00549118732104664,196,30,3,0.0506329113924051,16.3265306122449,0.436066816325031,0.730598803558807,0,1,0.137755102040816,0.60251825983546,0.984088423242472,zero,29,1,30,5,0.153061224489796,0.00772993253589155,0.0137641013087014,0,0.0204095682576318,NaN,0.6,0.00205560293329421,0.0757575757575758,0.00963582483389865,0.0205634797492387,0.021087686118346,0.00966532218596479,0.166666666666667,400,180,760,760,470,290,331,73,100,73,8233,12,219,219,219,216,196,196,196,196,196,0,30
LIRCMOP6_BC,1,ref_tau,239,176,1,0.59,176,0,0.00115835566704846,0.00353631436692535,176,30,3,0.0454662877809352,18.1818181818182,0.436066816325031,0.695427057932857,0,0.95469363369346,0.153409090909091,0.638225734625705,1.31086041370514,zero,30,0,30,4,0.170454545454545,0.00874459109179022,0.0156482382795238,0,0.0199142559187,NaN,0.633333333333333,0.00613300044222576,0.11864406779661,0.0117856845408421,0.020647831935047,0.020647831935047,NaN,0.133333333333333,400,196,792,792,486,306,350,66,100,66,10100,3,198,198,198,198,176,176,176,176,176,0,30
LIRCMOP6_BC,1,ref_tau,240,177,1,0.59,177,0,0.00138242811511193,0.00421826649079858,177,30,3,0.0457246189615087,18.0790960451977,0.452922366530042,0.754884006646567,0,0.95469363369346,0.152542372881356,0.6080169857663,1.1359954253738,zero,30,0,30,5,0.169491525423729,0.0097932816214382,0.0146600204607888,0,0.0158932296953319,NaN,0.566666666666667,0.0157862464868247,0.101694915254237,0.0110317333427424,0.0161004160733937,0.0161004160733937,NaN,0.166666666666667,400,176,752,752,473,279,312,68,100,68,8026,20,204,204,204,201,177,177,177,177,177,0,30
LIRCMOP6_BC,1,ref_tau,241,156,1,0.52,156,0,0.00137703606823846,0.0038674176062584,156,30,3,0.0402996641694653,20.5128205128205,0.4460162370393,0.701531729664412,0,0.81393686944411,0.115384615384615,0.553319252631999,0.930591090937976,zero,30,0,30,9,0.192307692307692,0.0068363139902302,0.012668318143686,0,0.0155622411574372,NaN,0.533333333333333,0.00432945751530706,0.115384615384615,0.00811157166374118,0.0159985473903641,0.0159985473903641,NaN,0.3,400,177,754,754,476,278,340,67,93,61,9636,0,183,183,183,180,156,156,156,156,156,0,30
LIRCMOP6_BC,1,ref_tau,242,166,1,0.56,166,0,0.00133824806264155,0.00463290162125501,166,30,3,0.0428829759752002,19.2771084337349,0.443594910741052,0.760813174390988,0,0.919122606584351,0.22289156626506,0.619626712819111,0.877063325303387,zero,30,0,30,8,0.180722891566265,0.00556157604327329,0.0128804031997794,0,0.0159950304778594,NaN,0.6,0.00810809290452008,0.125,0.00704460897762947,0.0170766616982968,0.0170766616982968,NaN,0.266666666666667,400,156,712,712,455,257,319,65,100,65,6992,12,195,195,195,192,166,166,166,166,166,0,30
LIRCMOP6_BC,1,ref_tau,243,159,1,0.53,159,0,0.00122003519959636,0.00432516530786725,159,30,3,0.0410746577111857,20.125786163522,0.452922366530042,0.797560714608798,0,0.919122606584351,0.207547169811321,0.592873080174516,0.951366239603553,zero,30,0,30,7,0.188679245283019,0.00559951069650763,0.0119542551005808,0,0.0146725264204581,NaN,0.633333333333333,0.00773751503526421,0.0943396226415094,0.00823952786098853,0.0155461772625509,0.0155461772625509,NaN,0.233333333333333,400,166,732,732,454,278,322,65,94,59,8697,0,177,177,177,177,159,159,159,159,159,0,30
LIRCMOP6_BC,1,ref_tau,244,178,1,0.6,178,0,0.0013305102708889,0.00576557891791245,178,30,3,0.0459829501420821,17.9775280898876,0.450679964933795,0.796122110087018,0.0604975639946468,1,0.264044943820225,0.626380581307173,0.839722668728785,zero,30,0,30,10,0.168539325842697,0.00561659230816994,0.0110779063524473,0,0.0118278172067276,NaN,0.5,-0.00191491159853824,0.15,0.00652613689250859,0.0120081518051331,0.0120081518051331,NaN,0.333333333333333,400,159,718,718,454,264,312,68,100,68,7242,0,204,204,204,201,178,178,178,178,178,0,30
LIRCMOP6_BC,1,ref_tau,245,168,1,0.56,168,0,0.00118723262503929,0.00495164023160349,168,30,3,0.0433996383363472,19.047619047619,0.4460162370393,0.792765366202865,0,1,0.232142857142857,0.608440642952955,1.45384922272561,zero,30,0,30,1,0.178571428571429,0.0100234926946607,0.0143258745842641,0,0.0181275936931503,NaN,0.5,0.000219421774409867,0.0357142857142857,0.0113883328761421,0.0189324589546812,0.0189324589546812,NaN,0.0333333333333333,400,178,756,756,478,278,340,65,100,65,9290,0,195,195,195,195,168,168,168,168,168,0,30
LIRCMOP6_BC,1,ref_tau,246,181,1,0.61,181,0,0.00121884527705493,0.00464636474405609,181,30,3,0.0467579436838026,17.6795580110497,0.436478678439013,0.78919259683396,0,1,0.198895027624309,0.644325529536574,1.43139780557166,zero,30,0,30,8,0.165745856353591,0.00532858834566337,0.013692414990492,0,0.015560869002832,NaN,0.533333333333333,0.00434020363326659,0.147540983606557,0.00590354777060774,0.0158092594359425,0.0158092594359425,NaN,0.266666666666667,400,168,736,736,455,281,323,67,100,67,7898,0,201,201,201,198,181,181,181,181,181,0,30
LIRCMOP6_BC,1,ref_tau,247,185,1,0.62,185,0,0.00128591724373756,0.00485938076777017,185,30,3,0.0477912684060966,17.2972972972973,0.448437563337548,0.79154707728625,0,1,0.194594594594595,0.625112702090527,1.28902980576759,zero,30,0,30,6,0.162162162162162,0.00710603863400098,0.013898274694677,0,0.0173860139496206,NaN,0.666666666666667,0.0209779610995037,0.0645161290322581,0.00746899170275468,0.0176439920610743,0.0176439920610743,NaN,0.2,400,181,762,762,481,281,338,67,100,67,8555,0,201,201,201,200,185,185,185,185,185,0,30
LIRCMOP6_BC,1,ref_tau,248,188,1,0.63,188,0,0.00127575553857202,0.00504398762721484,188,30,3,0.0485662619478171,17.0212765957447,0.443594910741052,0.760829461567143,0,0.81393686944411,0.202127659574468,0.586050045042163,0.897338874017186,zero,30,0,30,13,0.159574468085106,0.00464516952616856,0.00941588289975899,0,0.0119999095708761,NaN,0.766666666666667,0.0311298995219609,0.126984126984127,0.00541326182862557,0.0122896939291981,0.0122896939291981,NaN,0.433333333333333,400,185,770,770,475,295,329,71,100,71,9016,3,213,213,213,210,188,188,188,188,188,0,30
LIRCMOP6_BC,1,ref_tau,249,180,1,0.6,180,0,0.00119687316878815,0.00437272968297275,180,30,3,0.0464996125032291,17.7777777777778,0.456440594908022,0.774218058795044,0,0.931746711668671,0.133333333333333,0.581544386103444,0.863175482996961,zero,30,0,30,16,0.166666666666667,0.00544652316464177,0.0107291890291708,0,0.0128799805342313,NaN,0.633333333333333,0.0290905235897075,0.183333333333333,0.00548459167122741,0.0131134095521095,0.0131134095521095,NaN,0.533333333333333,400,188,776,776,472,304,344,67,100,67,9965,0,201,201,201,195,180,180,180,180,180,0,30
LIRCMOP6_BC,1,ref_tau,250,156,1,0.52,156,0,0.00107986206452186,0.00377103848343124,156,30,3,0.0402996641694653,20.5128205128205,0.456440594908022,0.760813174390988,0,0.81393686944411,0.134615384615385,0.569932991690241,0.81473793934593,zero,30,0,30,15,0.192307692307692,0.00459301585348878,0.00996691211811584,0,0.0117423583787805,NaN,0.6,0.0284492676493468,0.192307692307692,0.00475855778671103,0.0120588556920488,0.0120588556920488,NaN,0.5,400,180,760,760,469,291,344,60,95,56,9974,0,168,168,168,165,156,156,156,156,156,0,30
LIRCMOP6_BC,1,ref_tau,251,168,1,0.56,168,0,0.00118391022317611,0.00490307650447052,168,30,3,0.0433996383363472,19.047619047619,0.442057600609309,0.701531729664412,0,1,0.160714285714286,0.598984056074114,0.727743633540497,zero,30,0,30,6,0.178571428571429,0.00371140337116937,0.00815394730267406,0,0.0114789728905324,NaN,0.7,0.0453129453368153,0.107142857142857,0.00398046652294302,0.0118578041467869,0.0118578041467869,NaN,0.2,400,156,712,712,458,254,316,63,100,63,7038,0,189,189,189,189,168,168,168,168,168,0,30
LIRCMOP6_BC,1,ref_tau,252,168,1,0.56,168,0,0.00121789667845221,0.00387013057855959,168,30,3,0.0433996383363472,19.047619047619,0.454079260970841,0.701531729664412,0,1,0.125,0.597558932834356,0.826207304531635,zero,30,0,30,0,0.178571428571429,0.00508744056698261,0.0115381435072297,0,0.0149598267273022,NaN,0.666666666666667,0.0182867038619004,0,0.0063375035156898,0.0152965624171552,0.0152965624171552,NaN,0,400,168,736,736,462,274,290,63,100,63,8392,0,189,189,189,189,168,168,168,168,168,0,30
LIRCMOP6_BC,1,ref_tau,253,181,1,0.61,181,0,0.000931183568666921,0.00335251742667008,181,30,3,0.0467579436838026,17.6795580110497,0.43567763788107,0.696228149447224,0,1,0.198895027624309,0.589759266729799,0.904144917965828,zero,30,0,30,6,0.165745856353591,0.00459409022152435,0.0129686497651495,0,0.0167443124252101,NaN,0.666666666666667,0.0188552887928208,0.0327868852459016,0.0053825884896381,0.0170526383354719,0.0170526383354719,NaN,0.2,400,168,736,736,475,261,293,69,100,69,7124,0,207,207,207,194,181,181,181,181,181,0,30
LIRCMOP6_BC,1,ref_tau,254,153,1,0.51,153,0,0.000967636298922854,0.00299802765065944,153,30,3,0.0395246706277448,20.9150326797386,0.43567763788107,0.694460289374829,0,1,0.156862745098039,0.578127803130653,0.979639920096561,zero,30,0,30,9,0.196078431372549,0.00565436328345779,0.0141190141710039,0,0.0185183718167976,NaN,0.666666666666667,0.0138385304240869,0.0980392156862745,0.0072472207869603,0.0192735433075243,0.0192735433075243,NaN,0.3,400,181,762,762,499,263,317,58,95,56,8990,2,168,168,168,168,153,153,153,153,153,0,30
LIRCMOP6_BC,1,ref_tau,255,150,1,0.5,150,0,0.000795149036451897,0.00304928407204408,150,30,3,0.0387496770860243,21.3333333333333,0.44976720376802,0.684201341256476,0,1,0.16,0.553738582945515,0.789833998399983,zero,30,0,30,5,0.2,0.00544438245200574,0.0113157071895216,0,0.0141573217962674,NaN,0.7,0.0048976388203173,0.12,0.00699511622756381,0.0148808001832303,0.0148808001832303,NaN,0.166666666666667,400,153,706,706,450,256,278,58,100,58,7001,0,174,174,174,174,150,150,150,150,150,0,30
LIRCMOP6_BC,1,ref_tau,256,156,1,0.52,156,0,0.00114008563464263,0.00322547543756763,156,30,3,0.0402996641694653,20.5128205128205,0.456440594908022,0.67571025321052,0,1,0.192307692307692,0.55494793759721,0.980594639336251,zero,30,0,30,8,0.192307692307692,0.00521135236950409,0.0129952371914196,0,0.0164329299365973,NaN,0.6,0.0147724928700894,0.134615384615385,0.00592059263494557,0.0167543913444447,0.0167543913444447,NaN,0.266666666666667,400,150,700,700,429,271,296,62,100,62,8705,0,186,186,186,186,156,156,156,156,156,0,30
LIRCMOP6_BC,1,ref_tau,257,158,1,0.54,158,0,0.00101165347687222,0.00435270434223622,158,30,3,0.0408163265306122,20.253164556962,0.453166499805066,0.67571025321052,0.0315239447808547,1,0.265822784810127,0.55689324529459,0.910622458578783,zero,30,0,30,12,0.189873417721519,0.00321718412154685,0.0123809382774916,0,0.0148340696841542,NaN,0.6,0.0134897085476789,0.148148148148148,0.00436394099087216,0.0151279248960418,0.0151279248960418,NaN,0.4,400,156,712,712,409,303,314,61,100,61,11657,114,183,183,183,183,158,158,158,158,158,0,30
LIRCMOP6_BC,1,ref_tau,258,154,1,0.52,154,0,0.00101155389747469,0.00419279884462666,154,30,3,0.0397830018083183,20.7792207792208,0.448437563337548,0.675705986805661,0,1,0.214285714285714,0.550202218327738,0.810509081435864,zero,30,0,30,5,0.194805194805195,0.00508155664276715,0.0109338921383336,0,0.0137121873211625,NaN,0.633333333333333,0.00913921459935269,0.0769230769230769,0.00537087379730228,0.0141582483678899,0.0141582483678899,NaN,0.166666666666667,400,158,716,716,411,305,309,59,100,59,11623,102,177,177,177,177,154,154,154,154,154,0,30
LIRCMOP6_BC,1,ref_tau,259,159,1,0.53,159,0,0.00124240531713572,0.00465976386684674,159,30,3,0.0410746577111857,20.125786163522,0.408195649406507,0.67571025321052,0,1,0.176100628930818,0.56633899792869,0.867856503066042,zero,30,0,30,0,0.188679245283019,0.00644392626279932,0.0127640776071017,0,0.0168057424591497,NaN,0.666666666666667,0.0150018823424276,0,0.00768826429650387,0.0172640785643362,0.0172640785643362,NaN,0,400,154,708,708,424,284,314,60,100,60,11131,153,180,180,180,180,159,159,159,159,159,0,30
LIRCMOP6_BC,1,ref_tau,260,164,1,0.56,164,0,0.00121879399221968,0.00433573289397754,164,30,3,0.0423663136140532,19.5121951219512,0.410208780217266,0.691631145004473,0,1,0.189024390243902,0.546071328726604,0.958918969652823,zero,30,0,30,1,0.182926829268293,0.00436842165099095,0.0138394023695291,0,0.0174787016786427,NaN,0.633333333333333,0.0268783676466487,0.0357142857142857,0.00516632869813129,0.0178454543314889,0.0178454543314889,NaN,0.0333333333333333,400,159,718,718,419,299,316,64,100,64,11231,43,192,192,192,192,164,164,164,164,164,0,30
LIRCMOP6_BC,1,ref_tau,261,150,1,0.5,150,0,0.000748357216746683,0.00272272276826308,150,30,3,0.0387496770860243,21.3333333333333,0.421936643643789,0.683670699107496,0,1,0.166666666666667,0.539018033465364,1.03081748781287,zero,30,0,30,1,0.2,0.00649240256150148,0.015116378653202,0,0.0196526841190395,NaN,0.5,-0.00164141593154435,0.04,0.00769110785321465,0.0199788955299081,0.0199788955299081,NaN,0.0333333333333333,400,164,728,728,422,306,320,58,100,58,12858,0,174,174,174,174,150,150,150,150,150,0,30
LIRCMOP6_BC,1,ref_tau,262,174,1,0.58,174,0,0.00110227585261836,0.00385270196560352,174,30,3,0.0449496254197882,18.3908045977011,0.44976720376802,0.67571025321052,0,1,0.189655172413793,0.571258829769001,0.781446124294876,zero,30,0,30,0,0.172413793103448,0.00594179393717757,0.011169765228653,0,0.0148270512768977,NaN,0.566666666666667,0.00697499891981629,0,0.00660216051213037,0.0153683290452436,0.0153683290452436,NaN,0,400,150,700,700,415,285,274,70,100,70,7097,0,210,210,210,210,174,174,174,174,174,0,30
LIRCMOP6_BC,1,ref_tau,263,174,1,0.58,174,0,0.0012075076835059,0.00404369664166325,174,30,3,0.0449496254197882,18.3908045977011,0.455269942436959,0.692692429302432,0,1,0.189655172413793,0.548069820850259,1.04393757782653,zero,30,0,30,1,0.172413793103448,0.00438904560052592,0.015006097861708,0,0.0187698632998207,NaN,0.566666666666667,0.00748233122457118,0.0344827586206897,0.00660231369006815,0.019033397888942,0.019033397888942,NaN,0.0333333333333333,400,174,748,748,450,298,322,68,100,68,9293,3,204,204,204,204,174,174,174,174,174,0,30
LIRCMOP6_BC,1,ref_tau,264,175,1,0.59,175,0,0.000718986709434961,0.00248972252729502,175,30,3,0.0452079566003617,18.2857142857143,0.451096844198492,0.696593780552317,0,1,0.188571428571429,0.554560949558611,0.902149928803611,zero,30,0,30,6,0.171428571428571,0.00437094246768614,0.01338065478442,0,0.0171660772975195,NaN,0.5,0.00129993732146996,0.0508474576271186,0.00460485486316693,0.0177470368535387,0.0177470368535387,NaN,0.2,400,174,748,748,451,297,326,67,100,67,9491,0,201,201,201,201,175,175,175,175,175,0,30
LIRCMOP6_BC,1,ref_tau,265,183,1,0.61,183,0,0.000903331118751522,0.00304170766241208,183,30,3,0.0472746060449496,17.4863387978142,0.455269942436959,0.711824791820183,0,1,0.191256830601093,0.551908538405389,0.825481330155591,zero,30,0,30,0,0.163934426229508,0.00466776215550117,0.0109175885160374,0,0.0150802484791907,NaN,0.533333333333333,0.0064005682416929,0,0.00555095194802936,0.0155125330340987,0.0155125330340987,NaN,0,400,175,750,750,447,303,325,70,100,70,8866,0,210,210,210,210,183,183,183,183,183,0,30
LIRCMOP6_BC,1,ref_tau,266,204,1,0.68,204,0,0.000967756102260842,0.003365614665639,204,30,3,0.052699560836993,15.6862745098039,0.470700340716015,0.760829461567143,-0,1,0.176470588235294,0.580623515773829,1.26411873777301,zero,23,7,30,0,0.147058823529412,0.00768646332402022,0.0163509540145623,0,0.0185393617810063,NaN,0.7,0.0387381850689667,0,0.00963791486638319,0.0187543880559903,0.0164479461853415,0.0208941160637675,0,400,183,766,766,442,324,330,75,100,75,10068,0,225,225,225,225,204,204,204,204,204,0,30
LIRCMOP6_BC,1,ref_tau,267,180,1,0.6,180,0,0.000707019868175244,0.00267932439211099,180,30,3,0.0464996125032291,17.7777777777778,0.460498157919412,0.706934822790352,0,1,0.2,0.557936133259044,1.28324757331455,zero,30,0,30,0,0.166666666666667,0.00600783896061326,0.0123451210116408,0,0.0201347257353284,NaN,0.533333333333333,0.00067625121374365,0,0.0105970346336244,0.0204537762664095,0.0204537762664095,NaN,0,400,204,808,808,471,337,337,68,100,68,11348,0,204,204,204,201,180,180,180,180,180,0,30
LIRCMOP6_BC,1,ref_tau,268,177,1,0.59,177,0,0.00072238039239388,0.00261775419976879,177,30,3,0.0457246189615087,18.0790960451977,0.463351281434419,0.808739293929353,0,1,0.203389830508475,0.58356645474975,0.794135644312164,zero,30,0,30,0,0.169491525423729,0.00424738795372137,0.0122549620078746,0,0.0138336363065398,NaN,0.633333333333333,0.0020149133193911,0,0.0053585776525281,0.0141733334143327,0.0141733334143327,NaN,0,400,180,760,760,435,325,326,67,100,67,11227,0,201,201,201,201,177,177,177,177,177,0,30
LIRCMOP6_BC,1,ref_tau,269,183,1,0.61,183,0,0.000903330745797786,0.00351540772341348,183,30,3,0.0472746060449496,17.4863387978142,0.457645034404405,0.775144492568083,0,1,0.19672131147541,0.554970523904838,0.718157914098715,zero,30,0,30,0,0.163934426229508,0.0044858515701394,0.00866221420016634,0,0.0127757581625841,NaN,0.666666666666667,0.0176992183577161,0,0.00572618842076645,0.0131401471281263,0.0131401471281263,NaN,0,400,177,754,754,440,314,305,67,100,67,10390,0,201,201,201,201,183,183,183,183,183,0,30
LIRCMOP6_BC,1,ref_tau,270,207,1,0.69,207,0,0.00134332939855284,0.00457311038957158,207,30,3,0.0534745543787135,15.4589371980676,0.457645034404405,0.808739293929353,0,1,0.202898550724638,0.55351118131292,0.739896116985673,zero,24,6,30,0,0.144927536231884,0.00475129065979717,0.0118410544129835,0,0.0139878183003131,NaN,0.766666666666667,0.0481558028104206,0,0.00487649882603285,0.0141769576140911,0.0142371276079589,0.014110091673913,0,400,183,766,766,439,327,319,76,100,76,9434,0,228,228,228,228,207,207,207,207,207,0,30
LIRCMOP6_BC,1,ref_tau,271,186,1,0.62,186,0,0.00116564162121337,0.00397472191188498,186,30,3,0.0480495995866701,17.2043010752688,0.422546048002381,0.701557266841889,0,1,0.225806451612903,0.555094357311108,0.994613353208043,zero,30,0,30,0,0.161290322580645,0.00836582427799479,0.0142612468240193,0,0.0195991415072297,NaN,0.633333333333333,0.0318890504626998,0,0.0115903933741328,0.0199761615266723,0.0199761615266723,NaN,0,400,207,814,814,462,352,344,70,100,70,11801,16,210,210,210,210,186,186,186,186,186,0,30
LIRCMOP6_BC,1,ref_tau,272,210,1,0.7,210,0,0.00106550144429235,0.00340491631697122,210,30,3,0.054249547920434,15.2380952380952,0.455253048924299,0.791941893248717,0,1,0.228571428571429,0.63365739657525,0.792478562653159,zero,22,8,30,0,0.142857142857143,0.0076448765835197,0.0135691627365982,0,0.0165429680852624,NaN,0.6,0.0164423800542318,0,0.00977059948463919,0.0169337123224419,0.0162297092185671,0.0174033467922734,0,400,186,772,772,436,336,327,77,100,77,10144,2,231,231,231,231,210,210,210,210,210,0,30
LIRCMOP6_BC,1,ref_tau,273,192,1,0.64,192,0,0.00101525587433749,0.00362708396218107,192,30,3,0.0495995866701111,16.6666666666667,0.460498157919412,0.819937561049775,0,1,0.229166666666667,0.569249711926758,0.920775756211271,zero,29,1,30,3,0.15625,0.0037199552268018,0.0134889533852479,0,0.0171320357546767,NaN,0.566666666666667,0.00915544865614207,0.046875,0.00578506943922632,0.0175460061650859,0.0176290050418945,0.00533138639262518,0.1,400,210,820,820,468,352,355,71,100,71,13205,0,213,213,213,213,192,192,192,192,192,0,30
LIRCMOP6_BC,1,ref_tau,274,183,1,0.61,183,0,0.000961584811253532,0.00281442436688833,183,30,3,0.0472746060449496,17.4863387978142,0.457645034404405,0.825821818296114,0,1,0.19672131147541,0.551454209496761,0.851672698144862,zero,30,0,30,4,0.163934426229508,0.00328690952134045,0.0130916667794665,0,0.015777397798011,NaN,0.6,0.00876620179140533,0.0491803278688525,0.00370984480969877,0.016300895288837,0.016300895288837,NaN,0.133333333333333,400,192,784,784,446,338,334,69,100,69,11635,0,207,207,207,207,183,183,183,183,183,0,30
LIRCMOP6_BC,1,ref_tau,275,183,1,0.61,183,0,0.000806577157911247,0.00243439986098771,183,30,3,0.0472746060449496,17.4863387978142,0.45523615541164,0.722249078545679,0,1,0.229508196721311,0.542507738235619,0.934829047750922,zero,30,0,30,0,0.163934426229508,0.00638410073638174,0.0127188413574877,0,0.0168270949176537,NaN,0.566666666666667,0.0173116451450311,0,0.00784017699466082,0.0173276588627858,0.0173276588627858,NaN,0,400,183,766,766,452,314,322,69,100,69,10009,2,207,207,207,207,183,183,183,183,183,0,30
LIRCMOP6_BC,1,ref_tau,276,198,1,0.66,198,0,0.000692675589393895,0.00280638140369197,198,30,3,0.0511495737535521,16.1616161616162,0.455269942436959,0.711824791820183,0,1,0.202020202020202,0.552526634610267,0.936868947563325,zero,27,3,30,0,0.151515151515152,0.00422698099399722,0.0135829243855749,0,0.0172576449106881,NaN,0.6,0.00514710030417528,0,0.00572835734324484,0.0175575791733696,0.0181988671108228,0.00564801865303079,0,400,183,766,766,438,328,322,75,100,75,10216,2,225,225,225,225,198,198,198,198,198,0,30
LIRCMOP6_BC,1,ref_tau,277,177,1,0.59,177,0,0.000966172885286937,0.00364061274358833,177,30,3,0.0457246189615087,18.0790960451977,0.444590611987394,0.808739293929353,0.175606538168345,1,0.254237288135593,0.542310927523833,0.882031020653447,zero,30,0,30,0,0.169491525423729,0.00730346322611154,0.0134451882737072,0,0.0190582797516832,NaN,0.466666666666667,-0.00065423504070769,0,0.00799557599848517,0.0196179553731008,0.0196179553731008,NaN,0,400,198,796,796,460,336,336,67,100,67,11272,0,201,201,201,198,177,177,177,177,177,0,30
LIRCMOP6_BC,1,ref_tau,278,177,1,0.59,177,0,0.000870399808902585,0.0031089328799486,177,30,3,0.0457246189615087,18.0790960451977,0.455269942436959,0.758242327759518,0,1,0.220338983050847,0.530626921230253,0.826303727105177,zero,30,0,30,7,0.169491525423729,0.00357884880523605,0.0119498290841208,0,0.0145353434754169,NaN,0.566666666666667,0.00063169394644319,0.0677966101694915,0.00367886826869792,0.0150261395060756,0.0150261395060756,NaN,0.233333333333333,400,177,754,754,426,328,315,65,100,65,11202,0,195,195,195,195,177,177,177,177,177,0,30
LIRCMOP6_BC,1,ref_tau,279,181,1,0.61,181,0,0.000767268372575917,0.00281761129682451,181,30,3,0.0467579436838026,17.6795580110497,0.457645034404405,0.746834532383234,0,1,0.132596685082873,0.555492692057629,0.921118712688948,zero,30,0,30,2,0.165745856353591,0.00485369863163547,0.0129859651177321,0,0.0169147613926062,NaN,0.6,0.0166355931697021,0.0655737704918033,0.0050259152141756,0.0173909551224358,0.0173909551224358,NaN,0.0666666666666667,400,177,754,754,436,318,319,70,100,70,9959,0,210,210,210,210,181,181,181,181,181,0,30
LIRCMOP6_BC,1,ref_tau,280,186,1,0.62,186,0,0.000823872150409733,0.00312246974787212,186,30,3,0.0480495995866701,17.2043010752688,0.456457488420682,0.763946225447659,0,1,0.193548387096774,0.52716907739285,1.00245992034772,zero,30,0,30,1,0.161290322580645,0.0060031096476784,0.0144818264874509,0,0.0174148047501551,NaN,0.633333333333333,0.0272420703444593,0.032258064516129,0.00713681852178876,0.0176938445136454,0.0176938445136454,NaN,0.0333333333333333,400,181,762,762,455,307,323,70,100,70,9994,0,210,210,210,210,186,186,186,186,186,0,30
LIRCMOP6_BC,1,ref_tau,281,183,1,0.61,183,0,0.000989947651189811,0.00362988097997598,183,30,3,0.0472746060449496,17.4863387978142,0.426737039329265,0.725776649273078,0,1,0.180327868852459,0.529632754216658,0.88010240748516,zero,30,0,30,0,0.163934426229508,0.00696886454471873,0.0129873384013149,0,0.0164641285591958,NaN,0.6,0.0120173963120023,0,0.00751479466359629,0.0168537941706173,0.0168537941706173,NaN,0,400,186,772,772,452,320,325,68,100,68,10297,0,204,204,204,201,183,183,183,183,183,0,30
LIRCMOP6_BC,1,ref_tau,282,177,1,0.59,177,0,0.000647782517523706,0.00273946371509584,177,30,3,0.0457246189615087,18.0790960451977,0.423912993018415,0.730706347969597,0,1,0.135593220338983,0.528205025046134,0.91537200235943,zero,30,0,30,0,0.169491525423729,0.00834164686929929,0.0143890794427175,0,0.0177452141091443,NaN,0.533333333333333,0.0195535942562344,0,0.00999577882010905,0.0181276460070279,0.0181276460070279,NaN,0,400,183,766,766,448,318,328,67,100,67,9948,0,201,201,201,201,177,177,177,177,177,0,30
LIRCMOP6_BC,1,ref_tau,283,189,1,0.63,189,0,0.000715145946682064,0.00269280512900746,189,30,3,0.0488245931283906,16.9312169312169,0.423912993018415,0.73542673700695,0,1,0.174603174603175,0.552883312670607,0.874315266862433,zero,30,0,30,0,0.158730158730159,0.00821713707659896,0.0134835375813481,0,0.0165366537156945,NaN,0.5,-7.93172041269746e-05,0,0.00913521127493673,0.0169934533206105,0.0169934533206105,NaN,0,400,177,754,754,442,312,320,69,100,69,9259,0,207,207,207,207,189,189,189,189,189,0,30
LIRCMOP6_BC,1,ref_tau,284,156,1,0.52,156,0,0.000782238923637185,0.00301253266629785,156,30,3,0.0402996641694653,20.5128205128205,0.455253048924299,0.73542673700695,0,1,0.153846153846154,0.530143202827919,0.9464088781814,zero,30,0,30,0,0.192307692307692,0.00671661711051288,0.0136415274433142,0,0.0172565971539826,NaN,0.5,0.00373555896031696,0,0.00763743757698375,0.0176567251931704,0.0176567251931704,NaN,0,400,189,778,778,458,320,336,59,100,59,12823,0,177,177,177,177,156,156,156,156,156,0,30
LIRCMOP6_BC,1,ref_tau,285,168,1,0.56,168,0,0.000846617038732613,0.00250343406877549,168,30,3,0.0433996383363472,19.047619047619,0.455253048924299,0.73542673700695,0,1,0.107142857142857,0.566552028051029,1.18208446588274,zero,30,0,30,4,0.178571428571429,0.00702047567106142,0.0222487115960006,0,0.0270373287324729,NaN,0.433333333333333,-0.0113104467055901,0.125,0.00949194738731676,0.0278744602885784,0.0278744602885784,NaN,0.133333333333333,400,156,712,712,434,278,307,67,100,67,7603,0,201,201,201,201,168,168,168,168,168,0,30
LIRCMOP6_BC,1,ref_tau,286,171,1,0.57,171,0,0.000739434012861998,0.00239718715265393,171,30,3,0.0441746318780677,18.7134502923977,0.423912993018415,0.760829461567143,0,1,0.087719298245614,0.562851868427281,0.923623987331651,zero,30,0,30,1,0.175438596491228,0.0081131594698583,0.0142981696625711,0,0.01800627180884,NaN,0.533333333333333,0.00915280703976709,0.0350877192982456,0.0111474790771692,0.0184682487162184,0.0184682487162184,NaN,0.0333333333333333,400,168,736,736,455,281,319,67,100,67,7946,4,201,201,201,201,171,171,171,171,171,0,30
LIRCMOP6_BC,1,ref_tau,287,178,1,0.6,178,0,0.000820938195574878,0.00279201245047536,178,30,3,0.0459829501420821,17.9775280898876,0.423912993018415,0.746490256112955,0,1,0.117977528089888,0.552262032416249,0.733055852718614,zero,30,0,30,1,0.168539325842697,0.00674917719545936,0.0111180069331919,0,0.0135675562677331,NaN,0.533333333333333,0.000298597876906753,0.0333333333333333,0.00800602585017676,0.0139504469809212,0.0139504469809212,NaN,0.0333333333333333,400,171,742,742,451,291,320,68,100,68,8245,6,204,204,204,204,178,178,178,178,178,0,30
LIRCMOP6_BC,1,ref_tau,288,180,1,0.6,180,0,0.000757730410774515,0.00294806878408023,180,30,3,0.0464996125032291,17.7777777777778,0.42532501617384,0.743329250654096,0,1,0.116666666666667,0.509719527382659,0.889489495710533,zero,30,0,30,4,0.166666666666667,0.0069855935838385,0.014222601192115,0,0.0171418679584322,NaN,0.566666666666667,0.0093970273237596,0.0666666666666667,0.00741520847238512,0.0174524433716659,0.0174524433716659,NaN,0.133333333333333,400,178,756,756,457,299,327,67,100,67,9605,4,201,201,201,199,180,180,180,180,180,0,30
LIRCMOP6_BC,1,ref_tau,289,189,1,0.63,189,0,0.000875216612079162,0.00330804390061842,189,30,3,0.0488245931283906,16.9312169312169,0.443981652667212,0.73542673700695,0,1,0.142857142857143,0.542852908381266,0.749226072305887,zero,30,0,30,5,0.158730158730159,0.00440058028193582,0.0108753684274799,0,0.0145786884226358,NaN,0.566666666666667,0.0266523454451001,0.0793650793650794,0.00524031339942489,0.0149372571917129,0.0149372571917129,NaN,0.166666666666667,400,180,760,760,452,308,312,68,100,68,8722,2,204,204,204,203,189,189,189,189,189,0,30
LIRCMOP6_BC,1,ref_tau,290,193,1,0.65,193,0,0.000753493673138226,0.00273664119567985,193,30,3,0.0498579178506846,16.580310880829,0.421179102986347,0.73542673700695,0,1,0.124352331606218,0.526941247386136,0.942544230833307,zero,30,0,30,1,0.155440414507772,0.00767725471263883,0.0140582124275893,0,0.0182772584479918,NaN,0.5,-8.01027912300661e-05,0.0307692307692308,0.00916479235816478,0.0184857861801133,0.0184857861801133,NaN,0.0333333333333333,400,189,778,778,465,313,340,70,100,70,10047,2,210,210,210,210,193,193,193,193,193,0,30
LIRCMOP6_BC,1,ref_tau,291,174,1,0.58,174,0,0.000713356700824085,0.00221642624757156,174,30,3,0.0449496254197882,18.3908045977011,0.442725864503748,0.73542673700695,0,1,0.137931034482759,0.549238639780268,0.872105704846513,zero,30,0,30,1,0.172413793103448,0.00698037402960409,0.013536601315925,0,0.016552259010942,NaN,0.566666666666667,0.0179055102193481,0.0344827586206897,0.00792996486898428,0.0169073449040459,0.0169073449040459,NaN,0.0333333333333333,400,193,786,786,463,323,345,64,100,64,10664,0,192,192,192,191,174,174,174,174,174,0,30
LIRCMOP6_BC,1,ref_tau,292,180,1,0.6,180,0,0.000726776655003137,0.00238031520359793,180,30,3,0.0464996125032291,17.7777777777778,0.437098613131533,0.738651306310852,0,1,0.15,0.508453589063732,0.898908319434208,zero,30,0,30,2,0.166666666666667,0.00670402087307962,0.0138353711264689,0,0.0169955838894675,NaN,0.5,-0.000170892576146137,0.0333333333333333,0.00712215488796751,0.0173259267243799,0.0173259267243799,NaN,0.0666666666666667,400,174,748,748,451,297,315,64,100,64,9263,0,192,192,192,192,180,180,180,180,180,0,30
LIRCMOP6_BC,1,ref_tau,293,174,1,0.58,174,0,0.000663579161403382,0.00275456193727114,174,30,3,0.0449496254197882,18.3908045977011,0.455253048924299,0.751231764301242,0,1,0.137931034482759,0.513128630823569,0.930944329038143,zero,30,0,30,0,0.172413793103448,0.00806640588322746,0.0139339495953945,0,0.0180325068082495,NaN,0.6,0.00426572397813242,0,0.00931414933282919,0.0183254727098435,0.0183254727098435,NaN,0,400,180,760,760,461,299,324,65,100,65,9674,0,195,195,195,195,174,174,174,174,174,0,30
LIRCMOP6_BC,1,ref_tau,294,192,1,0.64,192,0,0.000666563398857108,0.00257954209554962,192,30,3,0.0495995866701111,16.6666666666667,0.42847630646256,0.73542673700695,0,1,0.140625,0.523463085993272,0.931875990111109,zero,30,0,30,1,0.15625,0.00788646501892181,0.0143186533730856,0,0.0181345967410208,NaN,0.566666666666667,0.000864571058832211,0.03125,0.0085918973852895,0.0184606432414425,0.0184606432414425,NaN,0.0333333333333333,400,174,748,748,455,293,320,70,100,70,8611,0,210,210,210,210,192,192,192,192,192,0,30
LIRCMOP6_BC,1,ref_tau,295,180,1,0.6,180,0,0.000720296213063852,0.00256149890990804,180,30,3,0.0464996125032291,17.7777777777778,0.437098613131533,0.746553819957998,0,1,0.133333333333333,0.531674379951091,0.860194736893923,zero,30,0,30,3,0.166666666666667,0.00640626992585167,0.0138920295201814,0,0.0166440900548279,NaN,0.6,0.0220564896909229,0.0666666666666667,0.00654676914555215,0.0169695319483689,0.0169695319483689,NaN,0.1,400,192,784,784,463,321,341,67,100,67,10922,1,201,201,201,201,180,180,180,180,180,0,30
LIRCMOP6_BC,1,ref_tau,296,174,1,0.58,174,0,0.000833859701893592,0.00262319742347532,174,30,3,0.0449496254197882,18.3908045977011,0.416721865778959,0.741875875614753,0,1,0.120689655172414,0.520376967251494,0.836039725004666,zero,30,0,30,0,0.172413793103448,0.00887394205258725,0.0136952523926345,0,0.0160680265792524,NaN,0.533333333333333,0.0234048787845045,0,0.0101960466120384,0.0162813614215639,0.0162813614215639,NaN,0,400,180,760,760,440,320,332,66,100,66,9767,0,198,198,198,198,174,174,174,174,174,0,30
LIRCMOP6_BC,1,ref_tau,297,189,1,0.63,189,0,0.00103962936469328,0.00363719222567172,189,30,3,0.0488245931283906,16.9312169312169,0.430215573595855,0.741875875614753,0,1,0.126984126984127,0.548683661404813,0.909351690777332,zero,30,0,30,5,0.158730158730159,0.00761737512057255,0.0141264188978237,0,0.0175051098007977,NaN,0.566666666666667,0.00240646452305246,0.0952380952380952,0.00893164203520852,0.0179040637383607,0.0179040637383607,NaN,0.166666666666667,400,174,748,748,448,300,304,70,100,70,8488,0,210,210,210,210,189,189,189,189,189,0,30
LIRCMOP6_BC,1,ref_tau,298,183,1,0.61,183,0,0.000715192655407099,0.00265587895376202,183,30,3,0.0472746060449496,17.4863387978142,0.457645034404405,0.743747053352051,-0,1,0.0983606557377049,0.54445477949004,0.781484743934315,zero,30,0,30,4,0.163934426229508,0.00491071322368528,0.0125857262142976,0,0.0143164397277215,NaN,0.666666666666667,0.0189607243554464,0.0327868852459016,0.00493193127920022,0.0146053696063951,0.0146053696063951,NaN,0.133333333333333,400,189,778,778,460,318,335,67,100,67,10976,0,201,201,201,201,183,183,183,183,183,0,30
LIRCMOP6_BC,1,ref_tau,299,198,1,0.66,198,0,0.00100463256694893,0.00365332119007253,198,30,3,0.0511495737535521,16.1616161616162,0.421179102986347,0.741875875614753,0,1,0.106060606060606,0.552405902695431,0.776526710924788,zero,30,0,30,5,0.151515151515152,0.00578579634995955,0.0121167224984974,0,0.0145954774004972,NaN,0.433333333333333,-0.0135607884547301,0.0757575757575758,0.00675552177891548,0.0150734043009301,0.0150734043009301,NaN,0.166666666666667,400,183,766,766,446,320,332,70,100,70,9655,0,210,210,210,210,198,198,198,198,198,0,30
LIRCMOP6_BC,1,ref_tau,300,198,1,0.66,198,0,0.00100619984026343,0.00343621327641992,198,30,3,0.0511495737535521,16.1616161616162,0.425697338291101,0.741875875614753,0,1,0.166666666666667,0.558299096633082,0.775371101831801,zero,30,0,30,0,0.151515151515152,0.00824308448067035,0.012260925341615,0,0.0147945018396441,NaN,0.433333333333333,-0.0371563341545012,0,0.0101159174039299,0.0151226293206286,0.0151226293206286,NaN,0,400,198,796,796,466,330,333,72,100,72,10466,0,216,216,216,216,198,198,198,198,198,0,30
LIRCMOP6_BC,1,ref_tau,301,186,1,0.62,186,0,0.000700300610774607,0.00221388892282952,186,30,3,0.0480495995866701,17.2043010752688,0.443655176150132,0.73542673700695,0,1,0.161290322580645,0.498988276866161,0.704675558668579,zero,30,0,30,0,0.161290322580645,0.00559518203704619,0.0112117136072789,0,0.0133471381246198,NaN,0.566666666666667,0.00868773563446487,0,0.00694482730422924,0.0136751271839329,0.0136751271839329,NaN,0,400,198,796,796,472,324,340,70,100,70,10676,0,210,210,210,208,186,186,186,186,186,0,30
LIRCMOP6_BC,1,ref_tau,302,195,1,0.65,195,0,0.000845740637554644,0.00308470838585966,195,30,3,0.0503745802118316,16.4102564102564,0.45523615541164,0.738933718553593,0,1,0.184615384615385,0.543403576636342,0.805647235611058,zero,30,0,30,0,0.153846153846154,0.00783713568101524,0.0126670972413995,0,0.0154886286448747,NaN,0.4,-0.0322267639802908,0,0.00959350695865206,0.0157709170509946,0.0157709170509946,NaN,0,400,186,772,772,453,319,302,71,100,71,8994,27,213,213,213,212,195,195,195,195,195,0,30
LIRCMOP6_BC,1,ref_tau,303,189,1,0.63,189,0,0.00065976557344718,0.00205099443371463,189,30,3,0.0488245931283906,16.9312169312169,0.45523615541164,0.741875875614753,0,1,0.142857142857143,0.566734579408912,0.85086527907426,zero,30,0,30,1,0.158730158730159,0.00828411447278221,0.0135785202297751,0,0.0165325687132211,NaN,0.433333333333333,-0.0309655336042419,0.0317460317460317,0.00955725075086668,0.0168077519084158,0.0168077519084158,NaN,0.0333333333333333,400,195,790,790,466,324,347,71,100,71,10043,0,213,213,213,213,189,189,189,189,189,0,30
LIRCMOP6_BC,1,ref_tau,304,195,1,0.65,195,0,0.00083728306053077,0.00267590293580451,195,30,3,0.0503745802118316,16.4102564102564,0.432074196888623,0.751231764301242,0,1,0.138461538461538,0.569024753660436,0.834386691360924,zero,30,0,30,1,0.153846153846154,0.00886329473522362,0.0136864151458425,0,0.0156660663508464,NaN,0.5,0.00142016160165172,0.0307692307692308,0.0103567895382063,0.0159633512806119,0.0159633512806119,NaN,0.0333333333333333,400,189,778,778,454,324,338,73,100,73,9886,0,219,219,219,219,195,195,195,195,195,0,30
LIRCMOP6_BC,1,ref_tau,305,198,1,0.66,198,0,0.000818134833515278,0.0027177109567995,198,30,3,0.0511495737535521,16.1616161616162,0.455253048924299,0.830331422527583,0,1,0.181818181818182,0.500603924478742,0.755692725793543,zero,30,0,30,0,0.151515151515152,0.00668834595224447,0.0120434656728236,0,0.0136651732078176,NaN,0.366666666666667,-0.0318190866563546,0,0.00701946271077923,0.0139644855142578,0.0139644855142578,NaN,0,400,195,790,790,461,329,339,73,100,73,10788,12,219,219,219,219,198,198,198,198,198,0,30
LIRCMOP6_BC,1,ref_tau,306,170,1,0.58,170,0,0.000695171530189459,0.0024708008591261,170,30,3,0.0439163006974942,18.8235294117647,0.438755744736606,0.741875875614753,0,1,0.176470588235294,0.53254576881148,0.822055048528091,zero,30,0,30,0,0.176470588235294,0.00825170286878151,0.0133576237499375,0,0.0151764609745229,NaN,0.5,0.00762979647785007,0,0.00978685261475169,0.0154327627752713,0.0154327627752713,NaN,0,400,198,796,796,465,331,348,65,100,65,11260,0,195,195,195,195,170,170,170,170,170,0,30
LIRCMOP6_BC,1,ref_tau,307,201,1,0.67,201,0,0.000876730105592213,0.00257702643878567,201,30,3,0.0519245672952725,15.9203980099502,0.45523615541164,0.819937561049775,0,1,0.194029850746269,0.591306730210831,0.921814857006359,zero,28,2,30,2,0.149253731343284,0.00927018787918671,0.022078584257097,0,0.0256148152330731,NaN,0.4,-0.0247948817728991,0.0597014925373134,0.0130828208757995,0.02608470885809,0.0237574247431563,0.0261809461586844,0.0666666666666667,400,170,740,740,434,306,316,75,100,75,8721,6,225,225,225,225,201,201,201,201,201,0,30
LIRCMOP6_BC,1,ref_tau,308,195,1,0.65,195,0,0.000763213996850367,0.00274410157035727,195,30,3,0.0503745802118316,16.4102564102564,0.45523615541164,0.819937561049775,0,1,0.184615384615385,0.577703246204295,0.772034248153219,zero,30,0,30,0,0.153846153846154,0.0078630802394,0.0125570479187323,0,0.0139507423284903,NaN,0.633333333333333,0.00747777740259568,0,0.00918005855186858,0.014157973620118,0.014157973620118,NaN,0,400,201,802,802,465,337,340,73,100,73,10715,0,219,219,219,219,195,195,195,195,195,0,30
LIRCMOP6_BC,1,ref_tau,309,189,1,0.63,189,0,0.000772276436221132,0.00226288861622473,189,30,3,0.0488245931283906,16.9312169312169,0.455269942436959,0.741875875614753,0,1,0.174603174603175,0.577513359563185,0.856703803661221,zero,30,0,30,0,0.158730158730159,0.0100969875327202,0.0138572446490862,0,0.0165609506397574,NaN,0.433333333333333,-0.0198606536662633,0,0.0121207174852993,0.0167572594291237,0.0167572594291237,NaN,0,400,195,790,790,461,329,328,73,100,73,9831,1,219,219,219,215,189,189,189,189,189,0,30
LIRCMOP6_BC,1,ref_tau,310,195,1,0.65,195,0,0.000859841871786086,0.00254955456764799,195,30,3,0.0503745802118316,16.4102564102564,0.455269942436959,0.830331422527583,0,1,0.153846153846154,0.584956164020441,0.957231001915698,zero,30,0,30,1,0.153846153846154,0.00920674621399944,0.0173986112165286,0,0.0206862714783964,NaN,0.5,0.00126859163068818,0.0307692307692308,0.0123664142185395,0.0209568717594952,0.0209568717594952,NaN,0.0333333333333333,400,189,778,778,447,331,325,73,100,73,9522,2,219,219,219,219,195,195,195,195,195,0,30
LIRCMOP6_BC,1,ref_tau,311,205,1,0.69,205,0,0.00108177159967951,0.00328479764338,205,30,3,0.0529578920175665,15.609756097561,0.45523615541164,0.819937561049775,0,1,0.160975609756098,0.582895051941166,0.874359878514417,zero,25,5,30,3,0.146341463414634,0.00789305790939029,0.0144185095484151,0,0.0162852689590304,NaN,0.5,-0.00694982381992595,0.0579710144927536,0.00942200173263574,0.0165150913769177,0.0164677359776485,0.0165624467761868,0.1,400,195,790,790,455,335,334,77,100,77,10178,0,231,231,231,231,205,205,205,205,205,0,30
LIRCMOP6_BC,1,ref_tau,312,188,1,0.63,188,0,0.000656002261576059,0.00258104602897915,188,30,3,0.0485662619478171,17.0212765957447,0.457645034404405,0.830331422527583,0,1,0.175531914893617,0.579003702087574,0.891629910494846,zero,30,0,30,0,0.159574468085106,0.0104320499281156,0.0147393581518264,0,0.0169075485811021,NaN,0.433333333333333,-0.0154821122420637,0,0.0122573674673985,0.0171729919582214,0.0171729919582214,NaN,0,400,205,810,810,473,337,325,69,100,69,10912,0,207,207,207,207,188,188,188,188,188,0,30
LIRCMOP6_BC,1,ref_tau,313,208,1,0.7,208,0,0.000797520356625911,0.0023627772990399,208,30,3,0.053732885559287,15.3846153846154,0.457645034404405,0.827213264084241,0,1,0.173076923076923,0.540129494406953,0.88056698498993,zero,23,7,30,0,0.144230769230769,0.0110796578999894,0.018414005392492,0,0.0212814627466747,NaN,0.4,-0.040454272023166,0,0.0139648401324951,0.0215622882830677,0.0203239158997535,0.0237868470819231,0,400,188,776,776,447,329,331,77,100,77,10081,0,231,231,231,231,208,208,208,208,208,0,30
LIRCMOP6_BC,1,ref_tau,314,204,1,0.68,204,0,0.00071810457268415,0.00261813373531836,204,30,3,0.052699560836993,15.6862745098039,0.455253048924299,0.830331422527583,0,1,0.17156862745098,0.582333304895115,0.682416067712593,zero,28,2,30,0,0.147058823529412,0.00647630295056617,0.0113106990140512,0,0.0125075410831158,NaN,0.5,-0.000256678294077828,0,0.00736784228859041,0.0127916825828476,0.0128098336635779,0.0115796041089705,0,400,208,816,816,473,343,344,74,100,74,11056,0,222,222,222,222,204,204,204,204,204,0,30
LIRCMOP6_BC,1,ref_tau,315,195,1,0.65,195,0,0.000836181089976894,0.00251779277677238,195,30,3,0.0503745802118316,16.4102564102564,0.442009223811907,0.741875875614753,0,1,0.123076923076923,0.570493394688701,0.793943683124038,zero,30,0,30,0,0.153846153846154,0.00895502443073754,0.0128599152570894,0,0.014824215785572,NaN,0.466666666666667,-0.00920719661334342,0,0.0109823698945881,0.0151725056304684,0.0151725056304684,NaN,0,400,204,808,808,466,342,346,71,100,71,11088,2,213,213,213,213,195,195,195,195,195,0,30
LIRCMOP6_BC,1,ref_tau,316,208,1,0.7,208,0,0.000743427630305979,0.00226453228430207,208,30,3,0.053732885559287,15.3846153846154,0.44628978382099,0.819937561049775,0,1,0.139423076923077,0.568357313829032,0.832282256640941,zero,27,3,30,0,0.144230769230769,0.00900685384067047,0.0135935058436536,0,0.015399197552604,NaN,0.5,-0.00098576728251365,0,0.0100714915466777,0.0156099958902446,0.0156657992369537,0.0124888536393585,0,400,195,790,790,452,338,335,75,100,75,10907,4,225,225,225,225,208,208,208,208,208,0,30
LIRCMOP6_BC,1,ref_tau,317,213,1,0.71,213,0,0.000734310366898471,0.00215456938673359,213,30,3,0.0550245414621545,15.0234741784038,0.435502265661306,0.822016333345337,-0,1,0.140845070422535,0.563269010260366,0.807376667044726,zero,26,4,30,1,0.140845070422535,0.00801813079525985,0.0126828966043522,0,0.0148291265682239,NaN,0.566666666666667,0.0106385105534329,0.028169014084507,0.00954352079720174,0.0151406561151995,0.0152256078163474,0.0149279793550968,0.0333333333333333,400,208,816,816,459,357,345,76,100,76,11744,2,228,228,228,227,213,213,213,213,213,0,30
LIRCMOP6_BC,1,ref_tau,318,204,1,0.68,204,0,0.000851165598962455,0.00263929061064733,204,30,3,0.052699560836993,15.6862745098039,0.443655176150132,0.830331422527583,0,1,0.132352941176471,0.59666742895792,0.853140452015048,zero,28,2,30,1,0.147058823529412,0.00777290829984585,0.013760973216844,0,0.0157779411645721,NaN,0.6,0.00475380430480384,0.0294117647058824,0.0100748149833553,0.015974873706235,0.0159929574582434,0.0110230245751799,0.0333333333333333,400,213,826,826,464,362,348,74,100,74,11575,14,222,222,222,218,204,204,204,204,204,0,30
LIRCMOP6_BC,1,ref_tau,319,204,1,0.68,204,0,0.000778777861172868,0.00224642694423847,204,30,3,0.052699560836993,15.6862745098039,0.452903249620857,0.819937561049775,0,1,0.147058823529412,0.569704171938135,0.673258924366306,zero,30,0,30,0,0.147058823529412,0.00635049275143203,0.0109049751326476,0,0.0120529088760523,NaN,0.5,-0.00343267589089773,0,0.0083689281930393,0.0122017441656731,0.0122017441656731,NaN,0,400,204,808,808,467,341,330,72,100,72,11262,0,216,216,216,213,204,204,204,204,204,0,30
LIRCMOP6_BC,1,ref_tau,320,195,1,0.65,195,0,0.000712159948273364,0.002092229120057,195,30,3,0.0503745802118316,16.4102564102564,0.455269942436959,0.738933718553593,-0,1,0.123076923076923,0.570441832776243,0.930987334436495,zero,30,0,30,0,0.153846153846154,0.00979482016705101,0.014998209708556,0,0.0178969771072831,NaN,0.366666666666667,-0.0102412043829996,0,0.0129852777845171,0.0181925478582831,0.0181925478582831,NaN,0,400,204,808,808,469,339,323,71,100,71,10322,0,213,213,213,211,195,195,195,195,195,0,30
LIRCMOP6_BC,1,ref_tau,321,204,1,0.68,204,0,0.00093294075959553,0.00252637981076052,204,30,3,0.052699560836993,15.6862745098039,0.441322270359348,0.73542673700695,0,1,0.102941176470588,0.629488605416677,2.03561732260163,zero,28,2,30,7,0.147058823529412,0.0125843369178256,0.044028700820252,0,0.04818802441658,NaN,0.433333333333333,-0.0182558252788102,0.117647058823529,0.0165485380815692,0.0485950660349992,0.0468416727467086,0.0486778031719498,0.233333333333333,400,195,790,790,449,341,316,72,100,72,9568,2,216,216,216,216,204,204,204,204,204,0,30
LIRCMOP6_BC,1,ref_tau,322,189,1,0.63,189,0,0.00081950706784565,0.00225912198163121,189,30,3,0.0488245931283906,16.9312169312169,0.450570343830073,0.760829461567143,0,1,0.0793650793650794,0.606727988690283,0.645433522436163,zero,30,0,30,0,0.158730158730159,0.00590285346095831,0.0107389503483915,0,0.01103049844713,NaN,0.566666666666667,0.00249497387933574,0,0.00630118647935938,0.0111465437010554,0.0111465437010554,NaN,0,400,204,808,808,447,361,335,69,100,69,11016,0,207,207,207,206,189,189,189,189,189,0,30
LIRCMOP6_BC,1,ref_tau,323,204,1,0.68,204,0,0.00102703508719274,0.00312853477871014,204,30,3,0.052699560836993,15.6862745098039,0.441322270359348,0.716225601989102,-0,1,0.0441176470588235,0.581958883654281,0.89512355873724,zero,29,1,30,0,0.147058823529412,0.00949373388345143,0.0141975085021076,0,0.0169216658534558,NaN,0.433333333333333,-0.0170274994944043,0,0.0120036394865337,0.0171399117574341,0.0171563267998999,0.0125351983984867,0,400,189,778,778,431,347,298,73,100,73,9544,0,219,219,219,219,204,204,204,204,204,0,30
LIRCMOP6_BC,1,ref_tau,324,187,1,0.63,187,0,0.000615708034232632,0.00185199667594063,187,30,3,0.0483079307672436,17.1122994652406,0.432074196888623,0.711824791820183,0,0.885676622783071,0.0160427807486631,0.544580625060564,0.800420248316431,zero,30,0,30,0,0.160427807486631,0.00983594249738361,0.0132532254557235,0,0.0153441296539601,NaN,0.4,-0.0190620198833586,0,0.0119162032921195,0.0155192929371521,0.0155192929371521,NaN,0,400,204,808,808,474,334,338,68,100,68,11014,0,204,204,204,204,187,187,187,187,187,0,30
LIRCMOP6_BC,1,ref_tau,325,194,1,0.65,194,0,0.000627941736097663,0.00185548797451918,194,30,3,0.0501162490312581,16.4948453608247,0.450570343830073,0.728759790006678,0,1,0.0567010309278351,0.566508831027117,0.845935006181939,zero,30,0,30,1,0.154639175257732,0.00962915717803215,0.0136342109352961,0,0.0161898144783932,NaN,0.433333333333333,-0.0227228929103777,0.0307692307692308,0.0117790670975516,0.0164321811778325,0.0164321811778325,NaN,0.0333333333333333,400,187,774,774,453,321,331,70,100,70,10557,0,210,210,210,210,194,194,194,194,194,0,30
LIRCMOP6_BC,1,ref_tau,326,201,1,0.67,201,0,0.000624338340860159,0.00199518491019047,201,30,3,0.0519245672952725,15.9203980099502,0.412221911028024,0.728759790006678,0,0.885676622783071,0.0298507462686567,0.581135377378446,0.931363097172722,zero,30,0,30,1,0.149253731343284,0.00993805643542524,0.0146815039975667,0,0.0179469437228132,NaN,0.466666666666667,-0.00290793780624909,0.0298507462686567,0.0129012943939001,0.0183033767998075,0.0183033767998075,NaN,0.0333333333333333,400,194,788,788,463,325,337,72,100,72,9976,8,216,216,216,216,201,201,201,201,201,0,30
LIRCMOP6_BC,1,ref_tau,327,213,1,0.71,213,0,0.000893511093833724,0.0021698215824782,213,30,3,0.0550245414621545,15.0234741784038,0.450570343830073,0.712704953853967,-0,0.979941017271038,0.0422535211267606,0.616445090967048,1.69248244236521,zero,23,7,30,7,0.140845070422535,0.0139337646790418,0.0390457619533713,0,0.0438217876096496,NaN,0.366666666666667,-0.0269242645733511,0.0985915492957746,0.0158359364709987,0.0441100804878922,0.0410362573999081,0.048365205756607,0.233333333333333,400,201,802,802,461,341,347,78,100,78,10619,0,234,234,234,234,213,213,213,213,213,0,30
LIRCMOP6_BC,1,ref_tau,328,207,1,0.69,207,0,0.000615354426354694,0.00190430948484854,207,30,3,0.0534745543787135,15.4589371980676,0.45523615541164,0.715345439955319,-0,1,0.0289855072463768,0.637617196109962,0.631328806229389,zero,28,2,30,0,0.144927536231884,0.00697667648559631,0.0101889629839337,0,0.0103985290838708,NaN,0.5,0.000704010804841407,0,0.00908350142988497,0.0105753935908596,0.0105537396720842,0.0105753902833255,0,400,213,826,826,473,353,353,73,100,73,11465,0,219,219,219,219,207,207,207,207,207,0,30
LIRCMOP6_BC,1,ref_tau,329,210,1,0.7,210,0,0.000990282719174491,0.00263297070623877,210,30,3,0.054249547920434,15.2380952380952,0.452903249620857,0.72249269599789,0,0.979941017271038,0.0142857142857143,0.601990669795823,1.71692541394245,zero,25,5,30,6,0.142857142857143,0.0132149322138207,0.0378101489066236,0,0.0465687425190623,NaN,0.433333333333333,-0.0118049494320746,0.114285714285714,0.0158973609218046,0.0469151942303643,0.0415576465106968,0.0570272774064031,0.2,400,207,814,814,454,360,349,75,100,75,11006,5,225,225,225,225,210,210,210,210,210,0,30
LIRCMOP6_BC,1,ref_tau,330,207,1,0.69,207,0,0.000917512315680039,0.00259925887110066,207,30,3,0.0534745543787135,15.4589371980676,0.450570343830073,0.715345439955319,0,0.979941017271038,0.0289855072463768,0.617985720327364,0.710572253960871,zero,26,4,30,1,0.144927536231884,0.00805484344247074,0.0117835648867471,0,0.0120182013717977,NaN,0.7,0.053740950458685,0.0289855072463768,0.00955431931850647,0.0121923807696309,0.0121844539049464,0.0122260892360003,0.0333333333333333,400,210,820,820,463,357,356,74,100,74,11071,0,222,222,222,222,207,207,207,207,207,0,30
LIRCMOP6_BC,1,ref_tau,331,210,1,0.7,210,0,0.000867228647076278,0.00249761895043024,210,30,3,0.054249547920434,15.2380952380952,0.441322270359348,0.714025196904643,-0,1,0.0285714285714286,0.62040883624297,0.888320477685967,zero,25,5,30,2,0.142857142857143,0.00958265974753248,0.0145141745012247,0,0.0167688460867388,NaN,0.633333333333333,0.0154546340814717,0.0428571428571429,0.0136704122774178,0.0169749698838215,0.0171614497402477,0.0159659526019831,0.0666666666666667,400,207,814,814,449,365,344,77,100,77,11439,0,231,231,231,223,210,210,210,210,210,0,30
LIRCMOP6_BC,1,ref_tau,332,204,1,0.68,204,0,0.000686402503022011,0.00189558483826492,204,30,3,0.052699560836993,15.6862745098039,0.441322270359348,0.728759790006678,0,0.979941017271038,0.0588235294117647,0.584024604177858,0.897870315176062,zero,27,3,30,0,0.147058823529412,0.00995896321198377,0.0151993435535481,0,0.0164150170736271,NaN,0.6,0.0312936909661644,0,0.0135738622505695,0.0165866809764574,0.0167571872164671,0.0158109234065451,0,400,210,820,820,463,357,350,73,100,73,10761,4,219,219,219,219,204,204,204,204,204,0,30
LIRCMOP6_BC,1,ref_tau,333,219,1,0.73,219,0,0.000914465588224782,0.00208057055962745,219,30,3,0.0565745285455955,14.6118721461187,0.457645034404405,0.716225601989102,-0,1,0.10958904109589,0.581625749763164,1.31396601600725,zero,20,10,30,6,0.136986301369863,0.0118317797840326,0.0267566854367208,0,0.0295131248193523,NaN,0.633333333333333,0.0470514150925098,0.0821917808219178,0.0129269294375731,0.0297841257522493,0.0297841257522493,0.0298535013340918,0.2,400,204,808,808,454,354,345,80,100,80,10936,0,240,240,240,237,219,219,219,219,219,0,30
LIRCMOP6_BC,1,ref_tau,334,201,1,0.67,201,0,0.000900186508667077,0.00228306335066147,201,30,3,0.0519245672952725,15.9203980099502,0.472192059823588,0.764442780030065,0,1,0.119402985074627,0.564141325337584,0.822736578848073,zero,27,3,30,1,0.149253731343284,0.00853558583711946,0.0130032321016146,0,0.0144070976643135,NaN,0.633333333333333,0.0391836327366429,0.0298507462686567,0.0109169919243777,0.0146838073032078,0.0149726417107105,0.0122518763129261,0.0333333333333333,400,219,838,838,488,350,358,73,100,73,11104,0,219,219,219,219,201,201,201,201,201,0,30
LIRCMOP6_BC,1,ref_tau,335,201,1,0.67,201,0,0.000986944619884846,0.00227553832952139,201,30,3,0.0519245672952725,15.9203980099502,0.463351281434419,0.764442780030065,0,1,0.119402985074627,0.560896733033446,0.809621589842146,zero,26,4,30,2,0.149253731343284,0.00801034711222798,0.0133279835371767,0,0.0141306121518322,NaN,0.7,0.0520847411685894,0.0298507462686567,0.0101786267196511,0.0143506572190141,0.0144016023325584,0.0131333829713374,0.0666666666666667,400,201,802,802,475,327,339,73,100,73,9869,5,219,219,219,217,201,201,201,201,201,0,30
LIRCMOP6_BC,1,ref_tau,336,210,1,0.7,210,0,0.000974843752524207,0.00260178077112577,210,30,3,0.054249547920434,15.2380952380952,0.472229906149512,0.732093263506814,0,1,0.1,0.57766508702006,0.785394197168482,zero,25,5,30,1,0.142857142857143,0.00835953256108219,0.0132398512979928,0,0.013712329815342,NaN,0.666666666666667,0.0250410327760487,0.0285714285714286,0.0104332868319075,0.014041538119654,0.0139872632094531,0.014095813029855,0.0333333333333333,400,201,802,802,461,341,334,74,100,74,9903,0,222,222,222,222,210,210,210,210,210,0,30
LIRCMOP6_BC,1,ref_tau,337,195,1,0.65,195,0,0.000903298327201081,0.00234448845010408,195,30,3,0.0503745802118316,16.4102564102564,0.463351281434419,0.764442780030065,0,1,0.107692307692308,0.59503001047225,0.812289255084526,zero,29,1,30,1,0.153846153846154,0.00830850631305644,0.0133087254314737,0,0.0147013443521321,NaN,0.766666666666667,0.0452494824485956,0.0307692307692308,0.01177679125626,0.0150280216440312,0.0150339599882532,0.0101092953548378,0.0333333333333333,400,210,820,820,469,351,351,71,100,71,10936,0,213,213,213,213,195,195,195,195,195,0,30
LIRCMOP6_BC,1,ref_tau,338,201,1,0.67,201,0,0.000815216152791008,0.00194211869949935,201,30,3,0.0519245672952725,15.9203980099502,0.472267752475436,0.830331422527583,0,1,0.0895522388059701,0.601737827293135,0.830399252150442,zero,27,3,30,1,0.149253731343284,0.0082957897057298,0.0134843116798359,0,0.0146899112842008,NaN,0.7,0.0515730672789928,0.0298507462686567,0.011565897407851,0.0149121473060729,0.0149801809334044,0.0131450701603783,0.0333333333333333,400,195,790,790,457,333,322,73,100,73,9466,0,219,219,219,219,201,201,201,201,201,0,30
LIRCMOP6_BC,1,ref_tau,339,204,1,0.68,204,0,0.000914036866867059,0.00213618230755226,204,30,3,0.052699560836993,15.6862745098039,0.467771670629003,0.830331422527583,0,1,0.0735294117647059,0.585093888460755,0.898205454283316,zero,26,4,30,1,0.147058823529412,0.0109548130383681,0.0146284490572873,0,0.0160131014349466,NaN,0.766666666666667,0.0499505418589336,0.0294117647058824,0.0133976565748307,0.016070456150559,0.0162370932191479,0.0154143488131991,0.0333333333333333,400,201,802,802,467,335,344,75,100,75,10194,0,225,225,225,220,204,204,204,204,204,0,30
LIRCMOP6_BC,1,ref_tau,340,198,1,0.66,198,0,0.000681065979736659,0.00224790472252997,198,30,3,0.0511495737535521,16.1616161616162,0.501277144858599,0.830331422527583,-0,0.941318528377897,0.0606060606060606,0.607818725142953,0.683321542293175,zero,30,0,30,2,0.151515151515152,0.00884525329330122,0.0106294458698513,0,0.0151698708739739,NaN,0.633333333333333,0.0331579741562585,0.0606060606060606,0.0112966507438327,0.0153256626528651,0.0153256626528651,NaN,0.0666666666666667,400,204,808,808,461,347,346,70,100,70,11293,0,210,210,210,210,198,198,198,198,198,0,30
LIRCMOP6_BC,1,ref_tau,341,196,1,0.66,196,0,0.00083896956541056,0.00260510865652066,196,30,3,0.0506329113924051,16.3265306122449,0.501213691109238,0.771282652535272,0,0.868501646590724,0.076530612244898,0.603054657726537,1.00929808727882,zero,30,0,30,6,0.153061224489796,0.0108155202157114,0.0290058542702446,0,0.0318008389655153,NaN,0.666666666666667,0.0419528767315257,0.136363636363636,0.0148149908218759,0.0321581413197443,0.0321581413197443,NaN,0.2,400,198,796,796,447,349,337,69,100,69,10401,2,207,207,207,206,196,196,196,196,196,0,30
LIRCMOP6_BC,1,ref_tau,342,204,1,0.68,204,0,0.000574995102598297,0.00188487959113686,204,30,3,0.052699560836993,15.6862745098039,0.472229906149512,0.771282652535272,0,0.941318528377897,0.0882352941176471,0.607780510607852,0.668708629907663,zero,29,1,30,0,0.147058823529412,0.00789179891463833,0.0104652648565562,0,0.0151067141765009,NaN,0.6,0.0373639830992692,0,0.0104317141921804,0.0157740034937709,0.0152576470943538,0.0160681093661328,0,400,196,792,792,449,343,331,71,100,71,10742,0,213,213,213,213,204,204,204,204,204,0,30
LIRCMOP6_BC,1,ref_tau,343,211,1,0.71,211,0,0.00099539989798805,0.00268029533358484,211,30,3,0.0545078791010075,15.1658767772512,0.50134059860796,0.794902160532197,0,1,0.113744075829384,0.635569276694673,1.57681685631417,zero,26,4,30,10,0.14218009478673,0.0134660701409551,0.0417217561528635,0,0.0475597047933421,NaN,0.566666666666667,0.0171459008902934,0.112676056338028,0.0158207096523295,0.0486811836375442,0.0441659977349114,0.054814256980803,0.333333333333333,400,204,808,808,455,353,343,76,100,76,11145,0,228,228,228,225,211,211,211,211,211,0,30
LIRCMOP6_BC,1,ref_tau,344,210,1,0.7,210,0,0.000957221699723827,0.00268035836433483,210,30,3,0.054249547920434,15.2380952380952,0.486766329215774,0.831751785905527,0,1,0.1,0.621227201450691,0.762892766270624,zero,27,3,30,1,0.142857142857143,0.00866984829301788,0.0142730363627284,0,0.0158491613549758,NaN,0.566666666666667,0.0221246391058354,0.0285714285714286,0.0109696289267114,0.0162833089358224,0.0151923433178949,0.0184649997423657,0.0333333333333333,400,211,822,822,458,364,346,74,100,74,11426,0,222,222,222,221,210,210,210,210,210,0,30
LIRCMOP6_BC,1,ref_tau,345,207,1,0.69,207,0,0.000978803043757708,0.00278143895285938,207,30,3,0.0534745543787135,15.4589371980676,0.50787848389545,0.832604003932294,0,1,0.115942028985507,0.628030517452662,0.659465431987134,zero,28,2,30,1,0.144927536231884,0.00735117942056212,0.0126530112684847,0,0.0136163352159682,NaN,0.533333333333333,0.033368032348391,0.0289855072463768,0.00911740591775344,0.014526813903641,0.0142705341934241,0.014526813903641,0.0333333333333333,400,210,820,820,459,361,360,74,100,74,11945,7,222,222,222,222,207,207,207,207,207,0,30
LIRCMOP6_BC,1,ref_tau,346,210,1,0.7,210,0,0.000984148776390556,0.0027047812684861,210,30,3,0.054249547920434,15.2380952380952,0.504609541251705,0.800807037531428,0,1,0.171428571428571,0.605231427092186,0.944703017835523,zero,27,3,30,6,0.142857142857143,0.00974816195806331,0.0245205024455971,0,0.0245205024455971,NaN,0.533333333333333,0.00738754084434931,0.0857142857142857,0.0124308377250546,0.0254960023258848,0.0247646487938858,0.0256434219762493,0.2,400,207,814,814,460,354,352,75,100,75,11381,0,225,225,225,225,210,210,210,210,210,0,30
LIRCMOP6_BC,1,ref_tau,347,204,1,0.68,204,0,0.000935052869419239,0.00233827391968112,204,30,3,0.052699560836993,15.6862745098039,0.504609541251705,0.830331422527583,0,1,0.191176470588235,0.571364650645153,0.748098736584183,zero,29,1,30,4,0.147058823529412,0.00706204741261201,0.0090442405714232,0,0.0110261764141844,NaN,0.566666666666667,0.0452950872276058,0.0588235294117647,0.00775186710175386,0.01183293091403,0.0118648709001545,0.0072641823463411,0.133333333333333,400,210,820,820,478,342,329,73,100,73,10316,0,219,219,219,219,204,204,204,204,204,0,30
LIRCMOP6_BC,1,ref_tau,348,201,1,0.67,201,0,0.000783892516148939,0.00230376606266576,201,30,3,0.0519245672952725,15.9203980099502,0.50134059860796,0.833172149283471,0,1,0.194029850746269,0.579856505113018,0.742681162908968,zero,30,0,30,3,0.149253731343284,0.00827363204633635,0.0111004236844154,0,0.0148727315765763,NaN,0.6,0.0207986876455998,0.0746268656716418,0.0108968222758553,0.0151967524532894,0.0151967524532894,NaN,0.1,400,204,808,808,476,332,347,72,100,72,10465,4,216,216,216,216,201,201,201,201,201,0,30
LIRCMOP6_BC,1,ref_tau,349,207,1,0.69,207,0,0.000571027985000054,0.00180955425667689,207,30,3,0.0534745543787135,15.4589371980676,0.472192059823588,0.769914678034231,0,1,0.173913043478261,0.615591832471483,0.975730450861398,zero,27,3,30,0,0.144927536231884,0.0117926053642124,0.0157904526720411,0,0.0193716446340398,NaN,0.666666666666667,0.0670066227952787,0,0.0165103307474134,0.0202513309579972,0.020155404557631,0.0202513255122419,0,400,201,802,802,473,329,337,75,100,75,10600,0,225,225,225,225,207,207,207,207,207,0,30
LIRCMOP6_BC,1,ref_tau,350,199,1,0.67,199,0,0.000848828139363296,0.00200195920944821,199,30,3,0.0514079049341256,16.0804020100502,0.463351281434419,0.830331422527583,0,1,0.150753768844221,0.604172279956602,2.97581143259991,zero,28,2,30,14,0.150753768844221,0.018430422488775,0.0718441021168157,0,0.0800863955257565,NaN,0.6,0.0100889979237174,0.194029850746269,0.0197358668644789,0.0826137116723131,0.0779496572118238,0.0836258238436761,0.466666666666667,400,207,814,814,470,344,352,73,100,73,11144,0,219,219,219,219,199,199,199,199,199,0,30
LIRCMOP6_BC,1,ref_tau,351,195,1,0.65,195,0,0.00092627722282359,0.0021128955155172,195,30,3,0.0503745802118316,16.4102564102564,0.463351281434419,0.830331422527583,0,1,0.153846153846154,0.605695436184718,0.571458195982836,zero,30,0,30,2,0.153846153846154,0.00538181473315187,0.00925335453144943,0,0.00979761425338448,NaN,0.766666666666667,0.0551390934309011,0.0461538461538462,0.00665001466663036,0.0103375608751739,0.0103375608751739,NaN,0.0666666666666667,400,199,798,798,464,334,339,71,100,71,9623,0,213,213,213,210,195,195,195,195,195,0,30
LIRCMOP6_BC,1,ref_tau,352,190,1,0.64,190,0,0.0009065196628051,0.00281446075638294,190,30,3,0.0490829243089641,16.8421052631579,0.472192059823588,0.830331422527583,0,1,0.173684210526316,0.599296156901668,1.05030691067609,zero,30,0,30,4,0.157894736842105,0.0125204658569628,0.0228176865415756,0,0.0261841559711872,NaN,0.666666666666667,0.0255802288732073,0.078125,0.0137346806437535,0.0268827459449961,0.0268827459449961,NaN,0.133333333333333,400,195,790,790,459,331,333,69,100,69,9385,0,207,207,207,207,190,190,190,190,190,0,30
LIRCMOP6_BC,1,ref_tau,353,207,1,0.69,207,0,0.000705075269130573,0.00190009892582263,207,30,3,0.0534745543787135,15.4589371980676,0.472192059823588,0.84612150768187,-0,1,0.159420289855072,0.63228590788246,0.877728269211263,zero,28,2,30,0,0.144927536231884,0.00930136724527374,0.013451881543566,0,0.0157903093199123,NaN,0.733333333333333,0.033318372874923,0,0.0129101293389114,0.016349867358063,0.0164410554623919,0.0145293029603229,0,400,190,780,780,474,306,328,73,100,73,9220,2,219,219,219,219,207,207,207,207,207,0,30
LIRCMOP6_BC,1,ref_tau,354,204,1,0.68,204,0,0.000808993688572799,0.00194831645410119,204,30,3,0.052699560836993,15.6862745098039,0.486766329215774,0.839816887212298,-0,1,0.147058823529412,0.618116588879452,0.985962041824106,zero,28,2,30,4,0.147058823529412,0.00991597781819147,0.0223713695134068,0,0.0260134797207192,NaN,0.6,0.00970594048807634,0.0882352941176471,0.0123882411136984,0.0265385110584026,0.0266756538539283,0.0256051155940802,0.133333333333333,400,207,814,814,474,340,352,74,100,74,10922,4,222,222,222,222,204,204,204,204,204,0,30
LIRCMOP6_BC,1,ref_tau,355,207,1,0.69,207,0,0.000861077266812075,0.00187146692613782,207,30,3,0.0534745543787135,15.4589371980676,0.463351281434419,0.847450455267635,0,1,0.130434782608696,0.642664879252323,0.68232354013016,zero,27,3,30,1,0.144927536231884,0.00712262108677295,0.0169256743321476,0,0.0169256743321476,NaN,0.633333333333333,0.0130811621492982,0.0289855072463768,0.0076958512420847,0.0171658417634808,0.0160141426009433,0.0175515210440402,0.0333333333333333,400,204,808,808,468,340,343,75,100,75,10493,5,225,225,225,225,207,207,207,207,207,0,30
LIRCMOP6_BC,1,ref_tau,356,210,1,0.7,210,0,0.000748849394818727,0.00190502828392454,210,30,3,0.054249547920434,15.2380952380952,0.462371623632828,0.836494518247884,0,1,0.128571428571429,0.577887302319032,0.901910549547603,zero,26,4,30,1,0.142857142857143,0.010165256115396,0.0185067193805984,0,0.0204761550743014,NaN,0.6,0.0118452533384262,0.0285714285714286,0.0121764404663661,0.0207963370746934,0.0193615919745255,0.0219785323946006,0.0333333333333333,400,207,814,814,473,341,350,76,100,76,10895,4,228,228,228,228,210,210,210,210,210,0,30
LIRCMOP6_BC,1,ref_tau,357,204,1,0.68,204,0,0.000740520054344692,0.00189501629794972,204,30,3,0.052699560836993,15.6862745098039,0.467771670629003,0.849358847281469,0,1,0.132352941176471,0.589489222726633,0.855217886784005,zero,28,2,30,0,0.147058823529412,0.009780753573633,0.0134472346491149,0,0.0159197398982594,NaN,0.533333333333333,0.0139826558318003,0,0.012660429553026,0.0169572908941114,0.0172100203026935,0.0128153154509301,0,400,210,820,820,484,336,352,74,100,74,10449,0,222,222,222,219,204,204,204,204,204,0,30
LIRCMOP6_BC,1,ref_tau,358,207,1,0.69,207,0,0.000695601620081514,0.00176806472440692,207,30,3,0.0534745543787135,15.4589371980676,0.472192059823588,0.873060340675128,0,1,0.144927536231884,0.582702683059639,1.13258044925647,zero,27,3,30,8,0.144927536231884,0.0107121960984026,0.0287671606405137,0,0.0287671606405137,NaN,0.566666666666667,0.010276670656609,0.0579710144927536,0.0118220277959498,0.0291286888593769,0.0283659705276024,0.030036884061342,0.266666666666667,400,204,808,808,469,339,337,76,100,76,10063,2,228,228,228,222,207,207,207,207,207,0,30
LIRCMOP6_BC,1,ref_tau,359,213,1,0.71,213,0,0.000660361725989706,0.00197208124131657,213,30,3,0.0550245414621545,15.0234741784038,0.472192059823588,0.834501096869237,0,1,0.126760563380282,0.557733321126468,0.966855834965366,zero,25,5,30,0,0.140845070422535,0.00988748605615625,0.0162499712042218,0,0.0180507420053876,NaN,0.666666666666667,0.00876804480532691,0,0.01311582457084,0.0188263905614173,0.0188311714441685,0.018201148102172,0,400,207,814,814,478,336,345,78,100,78,9843,4,234,234,234,234,213,213,213,213,213,0,30
LIRCMOP6_BC,1,ref_tau,360,207,1,0.69,207,0,0.000731214498133911,0.00173823852563663,207,30,3,0.0534745543787135,15.4589371980676,0.463351281434419,0.838487939626532,0,1,0.130434782608696,0.584036369586899,0.857060360817123,zero,23,7,30,1,0.144927536231884,0.00878304363583693,0.0138198185218007,0,0.0148945260122879,NaN,0.6,0.0274810748044006,0.0289855072463768,0.0108632252999153,0.015203349742777,0.015278718654561,0.0150372904538745,0.0333333333333333,400,213,826,826,483,343,358,75,100,75,10425,0,225,225,225,225,207,207,207,207,207,0,30
LIRCMOP6_BC,1,ref_tau,361,194,1,0.65,194,0,0.000615269358287325,0.00209150837734806,194,30,3,0.0501162490312581,16.4948453608247,0.463351281434419,0.878985714023542,-0,1,0.0927835051546392,0.616131689964384,0.931943633743977,zero,29,1,30,9,0.154639175257732,0.00869958067880269,0.0286065316660064,0,0.0286065316660064,NaN,0.4,-0.0194817248949721,0.107692307692308,0.00966571507000629,0.0288083888550616,0.0284015639119599,0.0288083888550616,0.3,400,207,814,814,477,337,335,73,100,73,10278,0,219,219,219,213,194,194,194,194,194,0,30
LIRCMOP6_BC,1,ref_tau,362,213,1,0.71,213,0,0.000516977554441712,0.00146916009330633,213,30,3,0.0550245414621545,15.0234741784038,0.50134059860796,0.860289251481757,-0,1,0.112676056338028,0.620366914591459,0.928098118609709,zero,21,9,30,2,0.140845070422535,0.0105740234529627,0.014760779973358,0,0.019628012137087,NaN,0.733333333333333,0.0644607712472097,0.028169014084507,0.0137148757138857,0.0202540496801181,0.0200562965399563,0.0202936314056842,0.0666666666666667,400,194,788,788,457,331,339,78,100,78,9941,0,234,234,234,234,213,213,213,213,213,0,30
LIRCMOP6_BC,1,ref_tau,363,185,1,0.62,185,0,0.000577513549982545,0.00208677501659127,185,30,3,0.0477912684060966,17.2972972972973,0.472192059823588,0.878985714023542,0,1,0.145945945945946,0.749726155441357,1.02196274552804,zero,29,1,30,9,0.162162162162162,0.0112505824517196,0.0361781768917516,0,0.0404039369524269,NaN,0.4,-0.0101491081073274,0.0645161290322581,0.0123643442510061,0.0404891268539674,0.0407139694581882,0.039364913832863,0.3,400,213,826,826,480,346,352,73,95,68,12784,0,204,204,204,204,185,185,185,185,185,0,30
LIRCMOP6_BC,1,ref_tau,364,186,1,0.62,186,0,0.000528317510006542,0.00192850151166817,186,30,3,0.0480495995866701,17.2043010752688,0.467106538370237,0.869289046395336,0,1,0.129032258064516,0.681361323301162,2.12322395493876,zero,29,1,30,18,0.161290322580645,0.0345095906435929,0.07115260717453,0,0.0769440875428834,NaN,0.533333333333333,0.00239996515139623,0.17741935483871,0.0389786331220703,0.0785319153444008,0.0786933895359114,0.0771045262991085,0.6,400,185,770,770,458,312,322,73,94,67,9553,0,201,201,201,201,186,186,186,186,186,0,30
LIRCMOP6_BC,1,ref_tau,365,198,1,0.66,198,0,0.000552907220993741,0.0014864718294608,198,30,3,0.0511495737535521,16.1616161616162,0.524493482679728,0.980236724297512,0,1,0.106060606060606,0.775816054369515,0.993048258834868,zero,28,2,30,6,0.151515151515152,0.0124796167492234,0.0289861161646342,0,0.0344747861340492,NaN,0.666666666666667,0.0141523996783822,0.0303030303030303,0.0150237304575834,0.0344753427174593,0.0338708527624384,0.0344753427174593,0.2,400,186,772,772,457,315,309,74,100,74,8692,0,222,222,222,208,198,198,198,198,198,0,30
LIRCMOP6_BC,1,ref_tau,366,189,1,0.63,189,0,0.000576805694370986,0.00181815552146728,189,30,3,0.0488245931283906,16.9312169312169,0.521395017291528,0.875817924060418,0,1,0.126984126984127,0.641956606855078,0.71050044458344,zero,28,2,30,4,0.158730158730159,0.00937661119847707,0.022538637565907,0,0.023242258432141,NaN,0.433333333333333,-0.00782631358186403,0.0634920634920635,0.00985687592208563,0.023315396764816,0.0236799499127908,0.0224040138948789,0.133333333333333,400,198,796,796,458,338,329,73,95,68,10451,0,204,204,204,204,189,189,189,189,189,0,30
LIRCMOP6_BC,1,ref_tau,367,195,1,0.65,195,0,0.000585751592968032,0.00167118582243802,195,30,3,0.0503745802118316,16.4102564102564,0.521395017291528,0.860289251481757,0,1,0.107692307692308,0.674523798989469,1.85664600348118,zero,27,3,30,16,0.153846153846154,0.0260723426855909,0.0589130816053673,0,0.0617608510379304,NaN,0.566666666666667,0.00644378366036322,0.107692307692308,0.0290206690118736,0.0633573641042127,0.0641379362716559,0.0620564104918075,0.533333333333333,400,189,778,778,453,325,331,74,95,69,9808,0,207,207,207,207,195,195,195,195,195,0,30
LIRCMOP6_BC,1,ref_tau,368,180,1,0.6,180,0,0.000562185971138176,0.0020016266444139,180,30,3,0.0464996125032291,17.7777777777778,0.545468856731694,0.864789148938547,-0,1,0.105555555555556,0.653910450390572,1.29980088407343,zero,28,2,30,13,0.166666666666667,0.0181638812212748,0.0471754865708362,0,0.0481468701253586,NaN,0.533333333333333,0.0014753791913871,0.116666666666667,0.0203157798965992,0.0491916475446698,0.0496506290822612,0.0455973240689197,0.433333333333333,400,195,790,790,463,327,336,71,91,63,12287,0,189,189,189,189,180,180,180,180,180,0,30
LIRCMOP6_BC,1,ref_tau,369,183,1,0.61,183,0,0.000576170043692998,0.00199617953834772,183,30,3,0.0472746060449496,17.4863387978142,0.521717435849539,0.834501096869237,0,1,0.114754098360656,0.713187353730939,0.815157453821626,zero,27,3,30,7,0.163934426229508,0.00935388319316229,0.0265375868082317,0,0.0288765741245918,NaN,0.533333333333333,0.00431130481083708,0.0655737704918033,0.0107055381043923,0.0289174998509051,0.0294405141045629,0.0264444751099238,0.233333333333333,400,180,760,760,450,310,314,73,91,65,10220,4,195,195,195,195,183,183,183,183,183,0,30
LIRCMOP6_BC,1,ref_tau,370,201,1,0.67,201,0,0.00057795136457818,0.00187055516753767,201,30,3,0.0519245672952725,15.9203980099502,0.521395017291528,0.839816887212298,0,1,0.119402985074627,0.640570957422062,1.40636332082991,zero,25,5,30,8,0.149253731343284,0.0127658447207807,0.0355531319476849,0,0.0355531319476849,NaN,0.566666666666667,0.00953932101220892,0.0895522388059701,0.0129500828809466,0.037097173631642,0.037097173631642,0.037097173631642,0.266666666666667,400,183,766,766,465,301,331,76,95,71,8601,0,213,213,213,213,201,201,201,201,201,0,30
LIRCMOP6_BC,1,ref_tau,371,189,1,0.63,189,0,0.000622669270672675,0.00207388005683635,189,30,3,0.0488245931283906,16.9312169312169,0.521717435849539,0.839816887212298,0,1,0.142857142857143,0.586194457675452,0.630463023053468,zero,26,4,30,11,0.158730158730159,0.00555269410740399,0.0133811022760717,0,0.0133990095607871,NaN,0.433333333333333,-0.00654347230751587,0.238095238095238,0.010454198803184,0.013456722334354,0.013464050904316,0.0134406263078284,0.366666666666667,400,201,802,802,478,324,336,74,92,67,11539,0,201,201,201,201,189,189,189,189,189,0,30
LIRCMOP6_BC,1,ref_tau,372,186,1,0.62,186,0,0.000544445450387817,0.00189693404206521,186,30,3,0.0480495995866701,17.2043010752688,0.524654691958734,0.833172149283471,0,1,0.112903225806452,0.549351844699473,2.74977668775892,zero,29,1,30,16,0.161290322580645,0.0242064450022689,0.0666180696714716,0,0.0711818178602708,NaN,0.5,0.000808325907632634,0.17741935483871,0.027660502889295,0.0731241098719089,0.0719342472514901,0.0733268592721264,0.533333333333333,400,189,778,778,474,304,335,72,94,66,9121,0,198,198,198,198,186,186,186,186,186,0,30
LIRCMOP6_BC,1,ref_tau,373,186,1,0.62,186,0,0.000489708078170777,0.00164542835189485,186,30,3,0.0480495995866701,17.2043010752688,0.521556226570534,0.830331422527583,0,1,0.129032258064516,0.565926592218283,0.795478430237965,zero,29,1,30,7,0.161290322580645,0.00639448632187522,0.0147389323201869,0,0.0151269273474896,NaN,0.4,-0.00769830032730251,0.0967741935483871,0.00865939086876016,0.0160025569709399,0.0160079840839044,0.0157529779662474,0.233333333333333,400,186,772,772,463,309,324,73,93,67,9422,4,201,201,201,201,186,186,186,186,186,0,30
LIRCMOP6_BC,1,ref_tau,374,183,1,0.61,183,0,0.000531098900987803,0.0017702555011329,183,30,3,0.0472746060449496,17.4863387978142,0.527591948067928,0.839816887212298,0,1,0.131147540983607,0.580196951562415,1.0324270930202,zero,27,3,30,9,0.163934426229508,0.011061936494446,0.0299775870837643,0,0.0300832216052398,NaN,0.466666666666667,-0.0020674409507065,0.0655737704918033,0.0117589454702911,0.03015716018636,0.0306368441313712,0.027761083928837,0.3,400,186,772,772,466,306,330,75,91,66,9634,2,198,198,198,198,183,183,183,183,183,0,30
LIRCMOP6_BC,1,ref_tau,375,177,1,0.59,177,0,0.000574995961739151,0.00194675241624619,177,30,3,0.0457246189615087,18.0790960451977,0.470861795306056,0.838487939626532,0,1,0.169491525423729,0.528368650739201,1.79596541418251,zero,27,3,30,17,0.169491525423729,0.0138379558217884,0.0336016376892817,0,0.0336016376892817,NaN,0.233333333333333,-0.0172040973736332,0.169491525423729,0.0247888235092032,0.0377012886665598,0.0379586171973715,0.0365538082903039,0.566666666666667,400,183,766,766,475,291,335,73,88,63,11001,4,188,188,188,188,177,177,177,177,177,0,30
LIRCMOP6_BC,1,ref_tau,376,186,1,0.62,186,0,0.000671310054528522,0.00264475762742581,186,30,3,0.0480495995866701,17.2043010752688,0.521556226570534,0.833172149283471,0,1,0.188172043010753,0.482966207162052,1.01895124512428,zero,26,4,30,8,0.161290322580645,0.0102997993465258,0.0269402577331726,0,0.0269402577331726,NaN,0.433333333333333,-0.00738603188955325,0.032258064516129,0.0105701306775803,0.0275909802718261,0.0279807641546265,0.0271037504183255,0.266666666666667,400,177,754,754,455,299,301,76,90,67,9454,0,201,201,201,198,186,186,186,186,186,0,30
LIRCMOP6_BC,1,ref_tau,377,189,1,0.63,189,0,0.000619363424481001,0.00173477289216331,189,30,3,0.0488245931283906,16.9312169312169,0.521717435849539,0.839816887212298,0,1,0.153439153439153,0.622771677853457,0.874986509946869,zero,26,4,30,4,0.158730158730159,0.00746440966760223,0.0120150647417504,0,0.0124253849735252,NaN,0.433333333333333,-0.00300450377035583,0.0317460317460317,0.00775526227679718,0.0125143213131203,0.0125692435449877,0.00809165427741377,0.133333333333333,400,186,772,772,468,304,339,74,92,67,9895,0,201,201,201,198,189,189,189,189,189,0,30
LIRCMOP6_BC,1,ref_tau,378,183,1,0.61,183,0,0.000601556560422856,0.00187694165380625,183,30,3,0.0472746060449496,17.4863387978142,0.46905725471156,0.766684140059119,0,1,0.147540983606557,0.565860751478245,1.09128300977609,zero,25,5,30,12,0.163934426229508,0.0143063691344898,0.0316415224127861,0,0.0316415224127861,NaN,0.433333333333333,-0.0111248430912337,0.0983606557377049,0.0148457368904486,0.0329201447505358,0.0336027586257254,0.0310093264019171,0.4,400,189,778,778,472,306,338,75,88,65,11265,7,195,195,195,195,183,183,183,183,183,0,30
LIRCMOP6_BC,1,ref_tau,379,192,1,0.64,192,0,0.000497832668540726,0.00178494276919584,192,30,3,0.0495995866701111,16.6666666666667,0.524654691958734,0.839816887212298,0,1,0.15625,0.547454180318514,0.951224865712545,zero,28,2,30,1,0.15625,0.00892542719002422,0.0112682872416003,0,0.0166660525999837,NaN,0.466666666666667,-0.00200740958028874,0.03125,0.0100351588862638,0.0170676552675157,0.0173910092082077,0.00995560355505881,0.0333333333333333,400,183,766,766,468,298,335,74,95,69,8344,4,207,207,207,207,192,192,192,192,192,0,30
LIRCMOP6_BC,1,ref_tau,380,186,1,0.62,186,0,0.000614837253594106,0.00200797707163754,186,30,3,0.0480495995866701,17.2043010752688,0.496128406298792,0.771282652535272,0.013912237940825,1,0.258064516129032,0.629787154732569,0.594572540150086,zero,26,4,30,5,0.161290322580645,0.00612785590428771,0.0201699938426537,0,0.0201699938426537,NaN,0.433333333333333,-0.0119328845800192,0.0645161290322581,0.00725245723380035,0.0204157260998561,0.0205783857010373,0.0202124015983797,0.166666666666667,400,192,784,784,475,309,340,77,91,68,9924,4,204,204,204,204,186,186,186,186,186,0,30
LIRCMOP6_BC,1,ref_tau,381,174,1,0.58,174,0,0.000583313456943892,0.00203805902474724,174,30,3,0.0449496254197882,18.3908045977011,0.469959525008808,0.839816887212298,0,1,0.224137931034483,0.606345851917741,4.54698994571404,zero,27,3,30,24,0.172413793103448,0.0706569679171034,0.126011139972819,0,0.137418466170857,NaN,0.2,-0.0201894207663771,0.258620689655172,0.079818569582043,0.139340935504475,0.139294752679593,0.139340935504475,0.8,400,186,772,772,478,294,336,75,88,64,10556,8,192,192,192,192,174,174,174,174,174,0,30
LIRCMOP6_BC,1,ref_tau,382,183,1,0.61,183,0,0.000558611714459496,0.00189189253772567,183,30,3,0.0472746060449496,17.4863387978142,0.46905725471156,0.84391136006619,0.013912237940825,1,0.262295081967213,0.657702600793833,0.74475351547381,zero,25,5,30,5,0.163934426229508,0.00634878238075729,0.0130283241997294,0,0.0130283241997294,NaN,0.333333333333333,-0.0282326479715417,0.0819672131147541,0.00685055321752932,0.0133182317016691,0.0134083823120113,0.0123440189023702,0.166666666666667,400,174,748,748,470,278,326,77,89,67,8676,0,201,201,201,201,183,183,183,183,183,0,30
LIRCMOP6_BC,1,ref_tau,383,183,1,0.61,183,0,0.000535834511097343,0.00181483205403777,183,30,3,0.0472746060449496,17.4863387978142,0.46905725471156,0.862089210464473,0.013912237940825,1,0.262295081967213,0.587228629629142,0.8194216567117,zero,25,5,30,8,0.163934426229508,0.00838942161313065,0.0220339466332947,0,0.0220339466332947,NaN,0.5,-0.00100062954353908,0.0819672131147541,0.0084973251259644,0.0224330629969374,0.0226205065178766,0.0212739055738313,0.266666666666667,400,183,766,766,487,279,319,78,89,68,8853,5,204,204,204,204,183,183,183,183,183,0,30
LIRCMOP6_BC,1,ref_tau,384,177,1,0.59,177,0,0.000578059385899918,0.00196238824391193,177,30,3,0.0457246189615087,18.0790960451977,0.46905725471156,0.838487939626532,0.0445391366963827,1,0.271186440677966,0.632505398812592,0.94852287473056,zero,26,4,30,10,0.169491525423729,0.00931705768606713,0.0337729925827001,0,0.0349226584236567,NaN,0.433333333333333,-0.0113773394553729,0.0677966101694915,0.0118916612771897,0.0350205143579412,0.0349391597953357,0.0356945984212269,0.333333333333333,400,183,766,766,478,288,333,77,88,66,9134,0,198,198,198,195,177,177,177,177,177,0,30
LIRCMOP6_BC,1,ref_tau,385,156,1,0.52,156,0,0.00046237682458544,0.00181080992991329,156,30,3,0.0402996641694653,20.5128205128205,0.46905725471156,0.833172149283471,0.0565436443023557,1,0.288461538461538,0.617243556970531,1.31508791071955,zero,30,0,30,13,0.192307692307692,0.0111424760637681,0.0351398211492027,0,0.0425408533860605,NaN,0.433333333333333,-0.0155948621770261,0.0961538461538462,0.0146774871410915,0.0428810360891646,0.0428810360891646,NaN,0.433333333333333,400,177,754,754,477,277,325,72,84,57,9600,6,171,171,171,168,156,156,156,156,156,0,30
LIRCMOP6_BC,1,ref_tau,386,171,1,0.57,171,0,0.000563882418401224,0.0019452623457655,171,30,3,0.0441746318780677,18.7134502923977,0.541130780891705,0.869289046395336,0,1,0.228070175438596,0.658450539935074,0.817427841935678,zero,26,4,30,1,0.175438596491228,0.0100079256372532,0.0152082697584104,0,0.0163433792446165,NaN,0.533333333333333,0.00447695071731727,0.0350877192982456,0.0113160580753938,0.0184447562968536,0.0187685001301581,0.017140467655301,0.0333333333333333,400,156,712,712,450,262,319,77,86,64,8104,4,192,192,192,192,171,171,171,171,171,0,30
LIRCMOP6_BC,1,ref_tau,387,174,1,0.58,174,0,0.000481085622915807,0.00236508601252783,174,30,3,0.0449496254197882,18.3908045977011,0.534361364479816,0.839816887212298,0.0685481519083288,1,0.270114942528736,0.609022838723318,1.56856965116457,zero,28,2,30,12,0.172413793103448,0.0119972782467329,0.0344655544518166,0,0.0344655544518166,NaN,0.4,-0.0195672315344427,0.120689655172414,0.0131216240371007,0.0351882054057213,0.0354720825665159,0.0344785125037348,0.4,400,171,742,742,473,269,323,75,89,65,7614,5,195,195,195,195,174,174,174,174,174,0,30
LIRCMOP6_BC,1,ref_tau,388,171,1,0.57,171,0,0.000536068079344111,0.00193133592841414,171,30,3,0.0441746318780677,18.7134502923977,0.527591948067928,0.860289251481757,0,1,0.239766081871345,0.612851053413207,1.02687602951091,zero,29,1,30,2,0.175438596491228,0.00916005824946763,0.014411011980812,0,0.0160940024963439,NaN,0.8,0.0285779968664981,0.0350877192982456,0.0113139183367056,0.0187877587256873,0.0189444069785808,0.0156279645376864,0.0666666666666667,400,174,748,748,476,272,328,73,89,62,8045,0,186,186,186,186,171,171,171,171,171,0,30
LIRCMOP6_BC,1,ref_tau,389,171,1,0.57,171,0,0.000591277564864001,0.00264225147082406,171,30,3,0.0441746318780677,18.7134502923977,0.527591948067928,0.93937959918411,0,1,0.228070175438596,0.629506772314144,0.975725270140194,zero,28,2,30,2,0.175438596491228,0.0111812941377716,0.0175438492221665,0,0.0175438492221665,NaN,0.533333333333333,0.005274626800256,0.0526315789473684,0.0115641241837931,0.0181245738215938,0.0184327004951147,0.0171287829281113,0.0666666666666667,400,171,742,742,477,265,316,76,88,65,8211,4,194,194,194,191,171,171,171,171,171,0,30
LIRCMOP6_BC,1,ref_tau,390,167,1,0.56,167,0,0.000573337114928118,0.0025491450728344,167,30,3,0.0431413071557737,19.1616766467066,0.470861795306056,0.860289251481757,-0,1,0.197604790419162,0.578146986742481,1.08822628308646,zero,27,3,30,7,0.179640718562874,0.0112237186899741,0.0264283268317935,0,0.0264283268317935,NaN,0.4,-0.0120525999157204,0.0714285714285714,0.0113291907157049,0.0264944970228973,0.02555664903864,0.0272738522291941,0.233333333333333,400,171,742,742,472,270,330,75,86,62,8866,0,186,186,186,186,167,167,167,167,167,0,30
LIRCMOP6_BC,1,ref_tau,391,168,1,0.56,168,0,0.000571450234298828,0.00284184945447032,168,30,3,0.0433996383363472,19.047619047619,0.469385740600044,0.839816887212298,0.0222695683481913,1,0.25,0.591710788946486,1.02649639242821,zero,28,2,30,4,0.178571428571429,0.0117543378035636,0.0166433663894203,0,0.0175936862607735,NaN,0.733333333333333,0.0326169162434268,0.107142857142857,0.0128722922396525,0.0181806885399145,0.0178225517818018,0.0180095936915427,0.133333333333333,400,167,734,734,468,266,322,73,88,62,7413,4,186,186,186,186,168,168,168,168,168,0,30
LIRCMOP6_BC,1,ref_tau,392,171,1,0.57,171,0,0.000496478321904203,0.00247730766387276,171,30,3,0.0441746318780677,18.7134502923977,0.470861795306056,0.869289046395336,0,1,0.228070175438596,0.584535158463996,0.761620888529502,zero,26,4,30,2,0.175438596491228,0.00884752839567933,0.011623838614832,0,0.0119861994792457,NaN,0.733333333333333,0.035891012372437,0.0526315789473684,0.0102199548304215,0.0152030828602393,0.0155013610411118,0.014706396875356,0.0666666666666667,400,168,736,736,481,255,315,75,87,64,7890,0,192,192,192,192,171,171,171,171,171,0,30
LIRCMOP6_BC,1,ref_tau,393,162,1,0.54,162,0,0.000507088874871551,0.00177146905960297,162,30,3,0.0418496512529062,19.7530864197531,0.520269516325925,0.839816887212298,0,1,0.203703703703704,0.610091208534707,0.955446287635363,zero,30,0,30,5,0.185185185185185,0.0120922665384321,0.025955126354062,0,0.0282975998192516,NaN,0.766666666666667,0.0237100741788236,0.037037037037037,0.0140423132082561,0.0283650642754027,0.0283650642754027,NaN,0.166666666666667,400,171,742,742,474,268,328,72,88,61,7872,0,183,183,183,183,162,162,162,162,162,0,30
LIRCMOP6_BC,1,ref_tau,394,168,1,0.56,168,0,0.000534950521529234,0.00165903012197713,168,30,3,0.0433996383363472,19.047619047619,0.491904439944989,0.839816887212298,-0,1,0.214285714285714,0.574811756913618,0.730826961401019,zero,29,1,30,3,0.178571428571429,0.00892183622706736,0.0130000419667773,0,0.0130000419667773,NaN,0.733333333333333,0.0453648514054012,0.0357142857142857,0.00946863069140444,0.0144787591643532,0.0146321726615599,0.0132617748399807,0.1,400,162,724,724,476,248,323,72,88,62,7244,0,186,186,186,186,168,168,168,168,168,0,30
LIRCMOP6_BC,1,ref_tau,395,162,1,0.54,162,0,0.00050455970702093,0.00228746649902339,162,30,3,0.0418496512529062,19.7530864197531,0.491904439944989,0.860289251481757,0.0445391366963827,1,0.259259259259259,0.585302537722148,1.00476954530056,zero,27,3,30,7,0.185185185185185,0.0126041623962782,0.0275732100849175,0,0.0338166879289191,NaN,0.766666666666667,0.0075625620339439,0.0555555555555556,0.0147148750371474,0.0340424015424784,0.0336892516746242,0.0340062619293376,0.233333333333333,400,168,736,736,479,257,323,72,85,60,8500,0,180,180,180,180,162,162,162,162,162,0,30
LIRCMOP6_BC,1,ref_tau,396,168,1,0.56,168,0,0.000617212361790895,0.0018066751137737,168,30,3,0.0433996383363472,19.047619047619,0.469385740600044,0.860289251481757,0.110149914660613,1,0.285714285714286,0.657968120348861,0.854494408074754,zero,26,4,30,2,0.178571428571429,0.00959934523077588,0.0132234736656198,0,0.0135126992007542,NaN,0.866666666666667,0.0473011347262196,0.0714285714285714,0.0101349656928754,0.0152787889624,0.0138257452042804,0.0162039585407914,0.0666666666666667,400,162,724,724,472,252,317,74,86,63,7553,0,189,189,189,189,168,168,168,168,168,0,30
LIRCMOP6_BC,1,ref_tau,397,165,1,0.55,165,0,0.000627256463367386,0.00180552054447075,165,30,3,0.0426246447946267,19.3939393939394,0.470861795306056,0.869289046395336,0.0685481519083288,1,0.272727272727273,0.579196302047038,0.954930888433263,zero,25,5,30,4,0.181818181818182,0.00976656691510504,0.0146647998996932,0,0.0170288922310525,NaN,0.266666666666667,-0.00666039972718885,0.0363636363636364,0.010989073272328,0.0187210479046394,0.0187210479046394,0.0187210479046394,0.133333333333333,400,168,736,736,484,252,324,74,83,60,8397,0,180,180,180,177,165,165,165,165,165,0,30
LIRCMOP6_BC,1,ref_tau,398,141,1,0.47,141,0,0.000482906222829454,0.00172119315590692,141,30,3,0.0364246964608628,22.6950354609929,0.508866258179408,0.923920017123341,0.151751677412897,1,0.276595744680851,0.609680216224621,1.10193373260025,zero,24,6,30,8,0.212765957446809,0.0125982223411938,0.0241295936937057,0,0.0241295936937057,NaN,0.766666666666667,0.0235194035751427,0.0851063829787234,0.0151062727875742,0.0246292890413216,0.0246402757842138,0.0240806660372504,0.266666666666667,400,165,730,730,481,249,310,69,74,52,9297,0,156,156,156,153,141,141,141,141,141,0,30
LIRCMOP6_BC,1,ref_tau,399,147,1,0.49,147,0,0.000489465943926085,0.0016881531311791,147,30,3,0.0379746835443038,21.7687074829932,0.527591948067928,0.867489087412621,0,1,0.244897959183673,0.593666720800804,0.691637352982567,zero,19,11,30,11,0.204081632653061,0.00287519936701644,0.00396114419337281,0,0.00421158636594732,NaN,0.733333333333333,0.0116216090395751,0.122448979591837,0.00365963742896285,0.00790582434789343,0.00915938474128681,0.00592129337252497,0.366666666666667,400,141,682,682,466,216,304,72,70,53,7863,0,159,159,159,159,147,147,147,147,147,0,30
LIRCMOP6_BC,1,ref_tau,400,132,1,0.44,132,0,0.000443882092213588,0.00175721914020807,132,30,3,0.0340997158357014,24.2424242424242,0.481820225970245,0.839816887212298,0.0222695683481913,1,0.25,0.67809099901542,0.978433406105918,zero,20,10,30,2,0.227272727272727,0.0119542832845246,0.0149562330820494,0,0.0163509505738226,NaN,0.866666666666667,0.0235902798416672,0.0909090909090909,0.014085383831464,0.0193911149070625,0.020780030860711,0.0170655146277464,0.0666666666666667,400,147,694,694,477,217,289,69,67,47,8788,2,141,141,141,141,132,132,132,132,132,0,30
LIRCMOP6_BC,1,ref_tau,401,129,1,0.43,129,0,0.000432607159396893,0.00179764340814721,129,30,3,0.0333247222939809,24.8062015503876,0.508866258179408,0.839816887212298,0,1,0.232558139534884,0.654069895432158,0.773068460294538,zero,23,7,30,3,0.232558139534884,0.01125513865143,0.0211518070367738,0,0.0211581446109452,NaN,0.366666666666667,-0.0135823002399068,0.0930232558139535,0.0127522115796721,0.0219526345181347,0.0228922570267668,0.0174827834487754,0.1,400,132,664,664,450,214,253,66,69,48,7356,4,142,142,142,142,129,129,129,129,129,0,30
LIRCMOP6_BC,1,ref_tau,402,138,1,0.46,138,0,0.000408836943973819,0.00134319266787593,138,30,3,0.0356497029191423,23.1884057971014,0.500822457406921,0.823853733394934,0,1,0.195652173913043,0.798126941222074,0.830243888604034,zero,27,3,30,4,0.217391304347826,0.00759642249335895,0.0124865085174134,0,0.0127232161148208,NaN,0.466666666666667,-0.00372132816895329,0.0434782608695652,0.0125019013177056,0.0193523174927833,0.0196954925789778,0.0161765542526361,0.133333333333333,400,129,658,658,450,208,283,66,76,51,6193,6,152,152,152,152,138,138,138,138,138,0,30
LIRCMOP6_BC,1,ref_tau,403,132,1,0.44,132,0,0.000480614664595437,0.00175553697374849,132,30,3,0.0340997158357014,24.2424242424242,0.481820225970245,0.771282652535272,0,1,0.227272727272727,0.672292522469708,0.895227565486944,zero,25,5,30,3,0.227272727272727,0.011161997972791,0.0177328530024225,0,0.0190488220626226,NaN,0.433333333333333,-0.00384754468188449,0.0454545454545455,0.0134531570675596,0.0211273636604579,0.0218687316609068,0.0162698674846576,0.1,400,138,676,676,454,222,272,63,72,48,8063,0,144,144,144,144,132,132,132,132,132,0,30
LIRCMOP6_BC,1,ref_tau,404,147,1,0.49,147,0,0.000478578841337884,0.00147970658301309,147,30,3,0.0379746835443038,21.7687074829932,0.492778656634434,0.782161918164637,0,1,0.183673469387755,0.811573542420785,0.936325268533708,zero,27,3,30,5,0.204081632653061,0.0139654700703085,0.0241399729049598,0,0.025976684928865,NaN,0.466666666666667,-0.00691389090358248,0.0816326530612245,0.0150080412469086,0.0265482349855867,0.0270625474671623,0.0224906790648233,0.166666666666667,400,132,664,664,447,217,263,65,79,52,6379,0,156,156,156,156,147,147,147,147,147,0,30
LIRCMOP6_BC,1,ref_tau,405,147,1,0.49,147,0,0.000477738432163199,0.00203725942008421,147,30,3,0.0379746835443038,21.7687074829932,0.508866258179408,0.782161918164637,0,1,0.238095238095238,0.752415015219922,0.763985627111348,zero,27,3,30,4,0.204081632653061,0.00970072156391654,0.0149329357962815,0,0.0149329357962815,NaN,0.2,-0.0231680776351728,0.102040816326531,0.00982151424662431,0.0151647138593922,0.015574247765598,0.0122139628816018,0.133333333333333,400,147,694,694,470,224,277,64,79,53,7506,0,159,159,159,153,147,147,147,147,147,0,30
LIRCMOP6_BC,1,ref_tau,406,144,1,0.48,144,0,0.000516879356342746,0.0017994290727316,144,30,3,0.0371996900025833,22.2222222222222,0.481820225970245,0.771282652535272,0,1,0.1875,0.657811012053944,1.42209992025225,zero,25,5,30,20,0.208333333333333,0.0251532378900365,0.0546615059108752,0,0.0581006437791364,NaN,0.3,-0.022590447629584,0.145833333333333,0.0305648775819159,0.0588816406491822,0.0601254366717536,0.0529410527932021,0.666666666666667,400,147,694,694,467,227,282,64,76,51,8605,0,153,153,153,153,144,144,144,144,144,0,30
LIRCMOP6_BC,1,ref_tau,407,135,1,0.45,135,0,0.000548466038880413,0.00189763738374986,135,30,3,0.0348747093774219,23.7037037037037,0.470861795306056,0.784881734571979,0,1,0.177777777777778,0.776939104802742,0.904359942173254,zero,24,6,30,5,0.222222222222222,0.00967330323722775,0.013560743468732,0,0.0141093488070724,NaN,0.3,-0.0329198717075405,0.0888888888888889,0.0101705487868584,0.0147424459537434,0.0148189155257149,0.0143685393230619,0.166666666666667,400,144,688,688,470,218,294,63,72,48,9049,0,144,144,144,144,135,135,135,135,135,0,30
LIRCMOP6_BC,1,ref_tau,408,126,1,0.42,126,0,0.000430479797518339,0.00153008193358169,126,30,3,0.0325497287522604,25.3968253968254,0.481820225970245,0.769716576122623,0,1,0.166666666666667,0.770644071140946,0.875190258192937,zero,21,9,30,1,0.238095238095238,0.0084453131957329,0.0145702316469677,0,0.0145702316469677,NaN,0.533333333333333,0.0187726548587648,0.0476190476190476,0.0104999993347596,0.0146384131455294,0.0146082115433822,0.0147239371478815,0.0333333333333333,400,135,670,670,452,218,259,58,80,48,6542,0,144,144,144,138,126,126,126,126,126,0,30
LIRCMOP6_BC,1,ref_tau,409,159,1,0.53,159,0,0.000451087372790442,0.00210065827618389,159,30,3,0.0410746577111857,20.125786163522,0.514790116008722,0.866674986783989,0,1,0.226415094339623,0.770509853189481,0.951741809852035,zero,17,13,30,5,0.188679245283019,0.0112534829781229,0.0167162259769368,0,0.0170960474981354,NaN,0.4,-0.0185957826882085,0.0754716981132075,0.0132367147274399,0.0171947114916403,0.0173188388177895,0.0170943689190615,0.166666666666667,400,126,652,652,444,208,263,66,84,57,6033,0,171,171,171,171,159,159,159,159,159,0,30
LIRCMOP6_BC,1,ref_tau,410,144,1,0.48,144,0,0.000508979388775181,0.0020439172442271,144,30,3,0.0371996900025833,22.2222222222222,0.511910865249373,0.771282652535272,0,1,0.208333333333333,0.838349746879741,0.890031594889791,zero,17,13,30,0,0.208333333333333,0.00971453854979929,0.0154976873482825,0,0.0167384372223998,NaN,0.566666666666667,0.0133324475663196,0,0.0110807892633485,0.0170373070085246,0.0179480652934023,0.016502725040345,0,400,159,718,718,480,238,304,65,82,55,8165,1,160,160,160,160,144,144,144,144,144,0,30
LIRCMOP6_BC,1,ref_tau,411,152,1,0.51,152,0,0.000597442090013304,0.00237082169973899,152,30,3,0.0392663394471713,21.0526315789474,0.508866258179408,0.771282652535272,0,1,0.203947368421053,0.768745646030211,0.926636485826739,zero,25,5,30,12,0.197368421052632,0.0151499242401583,0.0372347453115299,0,0.0372347453115299,NaN,0.533333333333333,0.025170843394943,0.0392156862745098,0.0159356771188183,0.0377826135313196,0.0388055850601211,0.0331791275623063,0.4,400,144,688,688,445,243,305,68,76,54,8425,0,162,162,162,162,152,152,152,152,152,0,30
LIRCMOP6_BC,1,ref_tau,412,152,1,0.51,152,0,0.000659577296434351,0.00248541179335486,152,30,3,0.0392663394471713,21.0526315789474,0.509031614490025,0.772519845349519,0,1,0.171052631578947,0.814285179853144,0.90664213348334,zero,22,8,30,5,0.197368421052632,0.0103586132147151,0.0195880631883695,0,0.0198525408096675,NaN,0.633333333333333,0.0548923004822458,0.0784313725490196,0.0127718853819127,0.0207601541128754,0.0221512352631758,0.016411425487816,0.166666666666667,400,152,704,704,454,250,299,68,76,54,9287,4,159,159,159,159,152,152,152,152,152,0,30
LIRCMOP6_BC,1,ref_tau,413,156,1,0.52,156,0,0.00063641773346094,0.00253808176054571,156,30,3,0.0402996641694653,20.5128205128205,0.483616550762124,0.764442780030065,0,1,0.211538461538462,0.785653947449085,0.909383552304904,zero,29,1,30,3,0.192307692307692,0.0123167757547348,0.0189628254054512,0,0.0189628254054512,NaN,0.6,0.0436774305937477,0.0769230769230769,0.0130750521030554,0.0191030593259385,0.0192682576443818,0.0167240423019966,0.1,400,152,704,704,451,253,311,67,85,56,7183,6,165,165,165,165,156,156,156,156,156,0,30
LIRCMOP6_BC,1,ref_tau,414,150,1,0.5,150,0,0.000674710283705309,0.00257504556518501,150,30,3,0.0387496770860243,21.3333333333333,0.483616550762124,0.755487192111422,0,1,0.2,0.794502688820193,1.41810229322879,zero,24,6,30,18,0.2,0.0222889243915598,0.0464792438309964,0,0.0464792438309964,NaN,0.666666666666667,0.0474586834208782,0.16,0.0244918025400709,0.0477546369334947,0.0492611123839892,0.0417107077375594,0.6,400,156,712,712,467,245,309,69,75,52,9136,0,156,156,156,156,150,150,150,150,150,0,30
LIRCMOP6_BC,1,ref_tau,415,156,1,0.52,156,0,0.000769371185249445,0.00260168756921969,156,30,3,0.0402996641694653,20.5128205128205,0.483616550762124,0.764442780030065,0,1,0.211538461538462,0.762833862571964,0.643559182802242,zero,22,8,30,6,0.192307692307692,0.00707445917017298,0.0103038290502552,0,0.0103250319367382,NaN,0.7,0.0548146040249313,0.115384615384615,0.00742952326001298,0.0115542165801341,0.0125093574213226,0.00953858762324192,0.2,400,150,700,700,463,237,298,72,77,56,8232,0,167,167,167,167,156,156,156,156,156,0,30
LIRCMOP6_BC,1,ref_tau,416,162,1,0.54,162,0,0.000802597500807965,0.0030250991987733,162,30,3,0.0418496512529062,19.7530864197531,0.483616550762124,0.771282652535272,0,1,0.203703703703704,0.753066325050328,0.929975755084566,zero,28,2,30,2,0.185185185185185,0.0122542925519768,0.0168552090894539,0,0.0210918552385664,NaN,0.5,0.00419509382779001,0.037037037037037,0.0142143367599434,0.0226427037203658,0.022961025238533,0.0214538412519068,0.0666666666666667,400,156,712,712,472,240,306,71,85,58,6917,0,174,174,174,174,162,162,162,162,162,0,30
LIRCMOP6_BC,1,ref_tau,417,168,1,0.56,168,0,0.000740028452856579,0.00256930808517439,168,30,3,0.0433996383363472,19.047619047619,0.511910865249373,0.866674986783989,0,1,0.214285714285714,0.866501337954941,0.900521584629837,zero,23,7,30,6,0.178571428571429,0.0114198420770457,0.0269406249157422,0,0.0305013012394603,NaN,0.566666666666667,0.0526263486981448,0.0357142857142857,0.0116806525092461,0.0306414755367369,0.032489646455085,0.0246350468029127,0.2,400,162,724,724,467,257,302,75,83,61,8099,0,183,183,183,183,168,168,168,168,168,0,30
LIRCMOP6_BC,1,ref_tau,418,165,1,0.55,165,0,0.000578512288852155,0.00223561269144162,165,30,3,0.0426246447946267,19.3939393939394,0.508866258179408,0.852836074534871,0,1,0.2,0.831152459647883,0.995883071819563,zero,28,2,30,10,0.181818181818182,0.0130428833049556,0.0327530995692741,0,0.0355585282408028,NaN,0.666666666666667,0.0459235169992116,0.0727272727272727,0.0149866085343965,0.035563952983639,0.0360614395980046,0.0323564807335707,0.333333333333333,400,168,736,736,470,266,323,72,86,60,7825,0,180,180,180,177,165,165,165,165,165,0,30
LIRCMOP6_BC,1,ref_tau,419,162,1,0.54,162,0,0.000748338305336085,0.00239890362734495,162,30,3,0.0418496512529062,19.7530864197531,0.500822457406921,0.823853733394934,0,1,0.166666666666667,0.866818051527811,0.629314093277117,zero,23,7,30,7,0.185185185185185,0.00623004882999159,0.0083294592325359,0,0.0083294592325359,NaN,0.7,0.085538998353369,0.111111111111111,0.00721106796708224,0.0114512480159702,0.0121193810423274,0.00918767265024014,0.233333333333333,400,165,730,730,451,279,312,72,81,58,8970,4,173,173,173,170,162,162,162,162,162,0,30
LIRCMOP6_BC,1,ref_tau,420,147,1,0.49,147,0,0.000898181427384549,0.00314181850516817,147,30,3,0.0379746835443038,21.7687074829932,0.509031614490025,0.842161745204988,0,1,0.244897959183673,0.785221454208505,1.51315337534717,zero,19,11,30,17,0.204081632653061,0.0160653033400411,0.0474688429638432,0,0.0483907273635422,NaN,0.633333333333333,0.0783720385948304,0.142857142857143,0.0203776893161451,0.0488747468504727,0.0514150763710195,0.035333854567182,0.566666666666667,400,162,724,724,456,268,310,72,71,52,10927,2,153,153,153,153,147,147,147,147,147,0,30
LIRCMOP6_BC,1,ref_tau,421,138,1,0.46,138,0,0.000867316254802294,0.00302461814110264,138,30,3,0.0356497029191423,23.1884057971014,0.508948936334716,0.823853733394934,0,1,0.130434782608696,0.684027193126705,1.06081781285654,zero,17,13,30,16,0.217391304347826,0.014751151146079,0.023690958308105,0,0.023690958308105,NaN,0.766666666666667,0.0786344346742494,0.108695652173913,0.0188793696419187,0.0255654079557509,0.0268649056058999,0.0206507330013146,0.533333333333333,400,147,694,694,440,254,298,71,66,50,10310,2,147,147,147,147,138,138,138,138,138,0,30
LIRCMOP6_BC,1,ref_tau,422,153,1,0.51,153,0,0.000791113538623995,0.00307376489378592,153,30,3,0.0395246706277448,20.9150326797386,0.514790116008722,0.787593336935193,0,1,0.150326797385621,0.766919867333596,0.964160594496752,zero,23,7,30,11,0.196078431372549,0.0149082420488614,0.0238016783267578,0,0.0238016783267578,NaN,0.733333333333333,0.0185337295881888,0.0784313725490196,0.0152737938783465,0.0243161233470169,0.0255311044338118,0.0197979159676746,0.366666666666667,400,138,676,676,434,242,291,75,77,55,7430,0,165,165,165,162,153,153,153,153,153,0,30
LIRCMOP6_BC,1,ref_tau,423,156,1,0.52,156,0,0.000988025671207453,0.00321033610660305,156,30,3,0.0402996641694653,20.5128205128205,0.511910865249373,0.852836074534871,0,1,0.153846153846154,0.659433648920581,0.780816787667022,zero,20,10,30,8,0.192307692307692,0.0107955665594823,0.0218850586303345,0,0.0218850586303345,NaN,0.566666666666667,0.0196508130294423,0.115384615384615,0.012001544864864,0.0220047930338752,0.0232848016500521,0.0170882884446488,0.266666666666667,400,153,706,706,456,250,299,75,76,55,8610,4,164,164,164,164,156,156,156,156,156,0,30
LIRCMOP6_BC,1,ref_tau,424,141,1,0.47,141,0,0.000858965030249306,0.00287293709184694,141,30,3,0.0364246964608628,22.6950354609929,0.509031614490025,0.823853733394934,0,1,0.148936170212766,0.580325906290207,1.05374985058175,zero,20,10,30,3,0.212765957446809,0.0101188101040554,0.0176282024448217,0,0.0180209636240821,NaN,0.566666666666667,0.0197431838697838,0.0851063829787234,0.0140694682189989,0.0196112051630545,0.0208348197063332,0.0161220709228016,0.1,400,156,712,712,457,255,292,71,71,50,10098,2,147,147,147,147,141,141,141,141,141,0,30
LIRCMOP6_BC,1,ref_tau,425,153,1,0.51,153,0,0.00077567578264434,0.00241400726598651,153,30,3,0.0395246706277448,20.9150326797386,0.509031614490025,0.771282652535272,0,1,0.137254901960784,0.678957558433099,0.939694493877949,zero,24,6,30,1,0.196078431372549,0.00904003802297707,0.0133823856774693,0,0.0136002611162125,NaN,0.633333333333333,0.0232069604528413,0.0392156862745098,0.0102569990479887,0.0137588464515519,0.0139094996019114,0.0134740180765817,0.0333333333333333,400,141,682,682,448,234,289,74,79,56,7023,4,165,165,165,165,153,153,153,153,153,0,30
LIRCMOP6_BC,1,ref_tau,426,130,1,0.44,130,0,0.000760985992666627,0.00287914358974643,130,30,3,0.0335830534745544,24.6153846153846,0.508866258179408,0.738865978947727,0,1,0.184615384615385,0.674872511402733,1.04734132842296,zero,22,8,30,14,0.230769230769231,0.0114233037181162,0.0194775684485124,0,0.0194775684485124,NaN,0.666666666666667,0.0133550785863906,0.181818181818182,0.0126115255297148,0.020227531853333,0.0212919553435226,0.0151112646560979,0.466666666666667,400,153,706,706,450,256,281,67,69,48,10327,4,141,141,141,141,130,130,130,130,130,0,30
LIRCMOP6_BC,1,ref_tau,427,162,1,0.54,162,0,0.00114996046327434,0.00358484642132828,162,30,3,0.0418496512529062,19.7530864197531,0.518311781278976,0.771282652535272,0,1,0.12962962962963,0.8918251317582,0.954296179244976,zero,26,4,30,4,0.185185185185185,0.0119615623532795,0.0205255818036588,0,0.0205255818036588,NaN,0.6,0.0228194130426664,0.0740740740740741,0.0127868870097049,0.0205644972468979,0.0208774248654469,0.0196322952256417,0.133333333333333,400,130,660,660,425,235,292,73,84,59,6129,0,177,177,177,177,162,162,162,162,162,0,30
LIRCMOP6_BC,1,ref_tau,428,165,1,0.55,165,0,0.00103801977091073,0.00312834916874047,165,30,3,0.0426246447946267,19.3939393939394,0.509031614490025,0.771162001472872,0,1,0.181818181818182,0.732684094308839,2.09215294830501,zero,22,8,30,5,0.181818181818182,0.0107599045667969,0.0346825793016708,0,0.0352290166647597,NaN,0.6,0.00386057192098002,0.109090909090909,0.0179200536490291,0.0356242040662724,0.0334638666157685,0.0357434614105879,0.166666666666667,400,162,724,724,465,259,294,72,81,60,8311,0,180,180,180,180,165,165,165,165,165,0,30
LIRCMOP6_BC,1,ref_tau,429,159,1,0.53,159,0,0.00109837303943156,0.0034612617417458,159,30,3,0.0410746577111857,20.125786163522,0.509031614490025,0.764442780030065,0,1,0.169811320754717,0.673434327154076,2.66530462812755,zero,28,2,30,15,0.188679245283019,0.018640841347651,0.0674720041539761,0,0.0674720041539761,NaN,0.566666666666667,0.0348674350465193,0.169811320754717,0.0212774156645119,0.0695985479227225,0.0702130880354832,0.0653799794617987,0.5,400,165,730,730,458,272,294,64,84,55,8141,0,165,165,165,165,159,159,159,159,159,0,30
LIRCMOP6_BC,1,ref_tau,430,174,1,0.58,174,0,0.00131439175950596,0.00443193129703563,174,30,3,0.0449496254197882,18.3908045977011,0.478781551957882,0.739513349668304,0,1,0.166666666666667,0.663475433926697,1.1595872457181,zero,20,10,30,2,0.172413793103448,0.0117976385840367,0.0200095567983762,0,0.0305979106338693,NaN,0.766666666666667,0.0213982150822785,0.0344827586206897,0.0159415643802443,0.0329820015660458,0.0355647706223483,0.0230675890934904,0.0666666666666667,400,159,718,718,467,251,273,71,81,60,8379,0,180,180,180,180,174,174,174,174,174,0,30
LIRCMOP6_BC,1,ref_tau,431,159,1,0.53,159,0,0.00101104286851357,0.00333666999668899,159,30,3,0.0410746577111857,20.125786163522,0.508866258179408,0.738865978947727,-0,1,0.113207547169811,0.685889710012169,1.05340105545666,zero,17,13,30,4,0.188679245283019,0.00475264936284629,0.0132159820227818,0,0.0156534879272108,NaN,0.4,-0.0196950984022065,0.0754716981132075,0.0130971163419928,0.0162581163974379,0.0160629688438999,0.0171709130210045,0.133333333333333,400,174,748,748,472,276,295,66,85,57,8720,3,169,169,169,166,159,159,159,159,159,0,30
LIRCMOP6_BC,1,ref_tau,432,168,1,0.56,168,0,0.00110154397749666,0.00361720112530682,168,30,3,0.0433996383363472,19.047619047619,0.469716619039713,0.738865978947727,0,1,0.142857142857143,0.928615188268217,1.44716921793236,zero,18,12,30,10,0.178571428571429,0.00253352455809288,0.00842147770783146,0,0.0267516167079215,NaN,0.4,-0.0111357608931101,0.142857142857143,0.0138015973402787,0.0276156699203741,0.0271783984920885,0.0280305605580531,0.333333333333333,400,159,718,718,461,257,291,68,85,59,8085,4,173,173,173,170,168,168,168,168,168,0,30
LIRCMOP6_BC,1,ref_tau,433,168,1,0.56,168,0,0.00132943882125469,0.0042528782616975,168,30,3,0.0433996383363472,19.047619047619,0.508948936334716,0.764442780030065,0,1,0.160714285714286,0.835021325142376,4.33897732531591,zero,18,12,30,14,0.178571428571429,0.0210513454025838,0.0658150382236443,0,0.0680044546048884,NaN,0.6,0.00472958933854103,0.25,0.0216359561183214,0.0682267367981767,0.0660995215454525,0.0682297138198649,0.466666666666667,400,168,736,736,468,268,308,69,84,58,8301,5,168,168,168,168,168,168,168,168,168,0,30
LIRCMOP6_BC,1,ref_tau,434,174,1,0.58,174,0,0.00133944880059292,0.00426984163170628,174,30,3,0.0449496254197882,18.3908045977011,0.508948936334716,0.771282652535272,0,1,0.172413793103448,0.712088929600187,8.15443153834374,zero,22,8,30,15,0.172413793103448,0.0131136103693003,0.124718871379585,0,0.13746321351848,NaN,0.533333333333333,0.0160030086781583,0.310344827586207,0.0215244387650141,0.137738636304918,0.143294890077875,0.123218229591196,0.5,400,168,736,736,449,287,286,71,90,62,8293,15,181,181,181,178,174,174,174,174,174,0,30
LIRCMOP6_BC,1,ref_tau,435,177,1,0.59,177,0,0.00115438904899613,0.00373625916153585,177,30,3,0.0457246189615087,18.0790960451977,0.508866258179408,0.738856357109547,0,1,0.220338983050847,0.914770921885179,3.09126631707964,zero,17,13,30,11,0.169491525423729,0.00729719034243442,0.0387665824216637,0,0.0427240931013296,NaN,0.466666666666667,-0.0153218422728191,0.186440677966102,0.00841170608457076,0.0428428226694154,0.0439334975590512,0.0434658463863145,0.366666666666667,400,174,748,748,467,281,316,72,85,62,8525,6,177,177,177,177,177,177,177,177,177,0,30
LIRCMOP6_BC,1,ref_tau,436,165,1,0.55,165,0,0.00130307156308292,0.00427555201531396,165,30,3,0.0426246447946267,19.3939393939394,0.494008594861727,0.739513349668304,0.256028785924535,1,0.254545454545455,0.777083667571282,2.23811636510443,zero,24,6,30,30,0.181818181818182,0.0337355639023595,0.0356334374495756,0,0.0416183110598471,NaN,0.5,0.00894536437429547,0.690909090909091,0.0353190484119608,0.0423268085776308,0.0425901823020768,0.0422201876327768,1,400,177,754,754,478,276,320,67,88,58,8776,9,165,165,165,165,165,165,165,165,165,0,30
LIRCMOP6_BC,1,ref_tau,437,165,1,0.55,165,0,0.00111600937103106,0.0026814206534653,165,30,3,0.0426246447946267,19.3939393939394,0.509031614490025,0.771162001472872,0,1,0.145454545454545,0.934309112890741,4.72677750788969,zero,20,10,30,14,0.181818181818182,0.0215535833067869,0.0692467541227365,0,0.0699170217051923,NaN,0.466666666666667,-0.02151061388133,0.254545454545455,0.0217429681025317,0.0701061417796314,0.0701061417796314,0.0712236927578252,0.466666666666667,400,165,730,730,456,274,318,71,88,62,8530,16,182,182,182,179,165,165,165,165,165,0,30
LIRCMOP6_BC,1,ref_tau,438,165,1,0.55,165,0,0.00120101668060291,0.00297400568080272,165,30,3,0.0426246447946267,19.3939393939394,0.525261867195581,0.771282652535272,0,1,0.163636363636364,0.832835186909518,5.58490892624918,zero,22,8,30,14,0.181818181818182,0.0173205567073395,0.0720258252471044,0,0.077730055944954,NaN,0.433333333333333,-0.0248921782248115,0.327272727272727,0.0176870411904948,0.0780425900719455,0.0717501709928774,0.0843350091510137,0.466666666666667,400,165,730,730,457,273,305,70,87,60,8614,30,177,177,177,177,165,165,165,165,165,0,30
LIRCMOP6_BC,1,ref_tau,439,171,1,0.57,171,0,0.00143394477988224,0.00484049589636296,171,30,3,0.0441746318780677,18.7134502923977,0.525261867195581,0.771282652535272,0,1,0.239766081871345,0.923718070224394,13.4871014471927,zero,23,7,30,22,0.175438596491228,0.0770988904540001,0.214122650282631,0,0.222600958706513,NaN,0.633333333333333,0.0249315845974558,0.403508771929825,0.0771976582917339,0.222790448031255,0.225749986936312,0.211284169395654,0.733333333333333,400,165,730,730,444,286,313,72,90,63,8411,36,181,181,181,181,171,171,171,171,171,0,30
LIRCMOP6_BC,1,ref_tau,440,171,1,0.57,171,0,0.00134345257481557,0.004247264444556,171,30,3,0.0441746318780677,18.7134502923977,0.527591948067928,0.823853733394934,0,1,0.222222222222222,1.08867212683558,5.78751467154807,zero,23,7,30,13,0.175438596491228,0.0230462690736162,0.0810759836937352,0,0.0824584426949906,NaN,0.733333333333333,0.0908432768019757,0.245614035087719,0.0239273188539295,0.0825643051395711,0.0686919377374968,0.0983416693076226,0.433333333333333,400,171,742,742,443,299,318,72,91,64,8493,18,189,189,189,189,171,171,171,171,171,0,30
