problem,run,gen,bmem_count,boundary_count,bmem_ref_coverage,finite_gap_count,inf_gap_count,median_gap,max_gap,train_count,query_count,condition_dim,train_param_ratio,gan_sample_reuse,train_pair_dec_dist50,train_pair_dec_dist90,train_tau_iqr,missing_ref_query_count,large_gap_query_count,raw_generated_count,feasible_generated_count,generated_per_train,boundary_dist50,boundary_dist90,query_width90,segment_width90,segment_width90_ratio,side_rate,pair_margin50,ref_cover,query_obj_dist50,query_obj_dist90,feasible_rate,boundary_sample_current_count,boundary_sample_prev_pair_count,boundary_sample_merged_count,boundary_sample_finite_count,boundary_feasible_count,boundary_infeasible_count,boundary_main_feasible_count,boundary_ref_with_main_feasible_count,boundary_ref_with_neighbor_infeasible_count,boundary_ref_pairable_count,boundary_pair_distance_count,boundary_pair_dominated_skip_count,boundary_pair_appended_count,boundary_candidate_raw_count,boundary_candidate_finite_count,boundary_candidate_pareto_count,boundary_candidate_gap_count,boundary_candidate_dedup_count,boundary_candidate_final_count,dataset_bmem_input_count,dataset_valid_train_count,dataset_invalid_train_count,dataset_query_count
LIRCMOP7_BC,1,1,0,0,NaN,0,0,NaN,NaN,0,0,3,0,NaN,NaN,NaN,NaN,0,0,0,0,NaN,NaN,NaN,NaN,NaN,NaN,NaN,NaN,NaN,NaN,NaN,NaN,400,0,400,400,400,0,5,5,0,0,0,0,0,0,0,0,0,0,0,0,0,0,0
LIRCMOP7_BC,1,2,0,0,NaN,0,0,NaN,NaN,0,0,3,0,NaN,NaN,NaN,NaN,0,0,0,0,NaN,NaN,NaN,NaN,NaN,NaN,NaN,NaN,NaN,NaN,NaN,NaN,400,0,400,400,400,0,6,6,0,0,0,0,0,0,0,0,0,0,0,0,0,0,0
LIRCMOP7_BC,1,3,0,0,NaN,0,0,NaN,NaN,0,0,3,0,NaN,NaN,NaN,NaN,0,0,0,0,NaN,NaN,NaN,NaN,NaN,NaN,NaN,NaN,NaN,NaN,NaN,NaN,400,0,400,400,400,0,9,8,0,0,0,0,0,0,0,0,0,0,0,0,0,0,0
LIRCMOP7_BC,1,4,0,0,NaN,0,0,NaN,NaN,0,0,3,0,NaN,NaN,NaN,NaN,0,0,0,0,NaN,NaN,NaN,NaN,NaN,NaN,NaN,NaN,NaN,NaN,NaN,NaN,400,0,400,400,400,0,20,15,0,0,0,0,0,0,0,0,0,0,0,0,0,0,0
LIRCMOP7_BC,1,5,0,0,NaN,0,0,NaN,NaN,0,0,3,0,NaN,NaN,NaN,NaN,0,0,0,0,NaN,NaN,NaN,NaN,NaN,NaN,NaN,NaN,NaN,NaN,NaN,NaN,400,0,400,400,400,0,10,9,0,0,0,0,0,0,0,0,0,0,0,0,0,0,0
LIRCMOP7_BC,1,6,0,0,NaN,0,0,NaN,NaN,0,0,3,0,NaN,NaN,NaN,NaN,0,0,0,0,NaN,NaN,NaN,NaN,NaN,NaN,NaN,NaN,NaN,NaN,NaN,NaN,400,0,400,400,400,0,13,10,0,0,0,0,0,0,0,0,0,0,0,0,0,0,0
LIRCMOP7_BC,1,7,0,0,NaN,0,0,NaN,NaN,0,0,3,0,NaN,NaN,NaN,NaN,0,0,0,0,NaN,NaN,NaN,NaN,NaN,NaN,NaN,NaN,NaN,NaN,NaN,NaN,400,0,400,400,400,0,22,13,0,0,0,0,0,0,0,0,0,0,0,0,0,0,0
LIRCMOP7_BC,1,8,0,0,NaN,0,0,NaN,NaN,0,0,3,0,NaN,NaN,NaN,NaN,0,0,0,0,NaN,NaN,NaN,NaN,NaN,NaN,NaN,NaN,NaN,NaN,NaN,NaN,400,0,400,400,400,0,13,11,0,0,0,0,0,0,0,0,0,0,0,0,0,0,0
LIRCMOP7_BC,1,9,0,0,NaN,0,0,NaN,NaN,0,0,3,0,NaN,NaN,NaN,NaN,0,0,0,0,NaN,NaN,NaN,NaN,NaN,NaN,NaN,NaN,NaN,NaN,NaN,NaN,400,0,400,400,400,0,25,16,0,0,0,0,0,0,0,0,0,0,0,0,0,0,0
LIRCMOP7_BC,1,10,0,0,NaN,0,0,NaN,NaN,0,0,3,0,NaN,NaN,NaN,NaN,0,0,0,0,NaN,NaN,NaN,NaN,NaN,NaN,NaN,NaN,NaN,NaN,NaN,NaN,400,0,400,400,400,0,22,14,0,0,0,0,0,0,0,0,0,0,0,0,0,0,0
LIRCMOP7_BC,1,11,0,0,NaN,0,0,NaN,NaN,0,0,3,0,NaN,NaN,NaN,NaN,0,0,0,0,NaN,NaN,NaN,NaN,NaN,NaN,NaN,NaN,NaN,NaN,NaN,NaN,400,0,400,400,400,0,34,15,0,0,0,0,0,0,0,0,0,0,0,0,0,0,0
LIRCMOP7_BC,1,12,0,0,NaN,0,0,NaN,NaN,0,0,3,0,NaN,NaN,NaN,NaN,0,0,0,0,NaN,NaN,NaN,NaN,NaN,NaN,NaN,NaN,NaN,NaN,NaN,NaN,400,0,400,400,400,0,25,15,0,0,0,0,0,0,0,0,0,0,0,0,0,0,0
LIRCMOP7_BC,1,13,0,0,NaN,0,0,NaN,NaN,0,0,3,0,NaN,NaN,NaN,NaN,0,0,0,0,NaN,NaN,NaN,NaN,NaN,NaN,NaN,NaN,NaN,NaN,NaN,NaN,400,0,400,400,400,0,35,17,0,0,0,0,0,0,0,0,0,0,0,0,0,0,0
LIRCMOP7_BC,1,14,0,0,NaN,0,0,NaN,NaN,0,0,3,0,NaN,NaN,NaN,NaN,0,0,0,0,NaN,NaN,NaN,NaN,NaN,NaN,NaN,NaN,NaN,NaN,NaN,NaN,400,0,400,400,400,0,66,21,0,0,0,0,0,0,0,0,0,0,0,0,0,0,0
LIRCMOP7_BC,1,15,0,0,NaN,0,0,NaN,NaN,0,0,3,0,NaN,NaN,NaN,NaN,0,0,0,0,NaN,NaN,NaN,NaN,NaN,NaN,NaN,NaN,NaN,NaN,NaN,NaN,400,0,400,400,400,0,54,24,0,0,0,0,0,0,0,0,0,0,0,0,0,0,0
LIRCMOP7_BC,1,16,0,0,NaN,0,0,NaN,NaN,0,0,3,0,NaN,NaN,NaN,NaN,0,0,0,0,NaN,NaN,NaN,NaN,NaN,NaN,NaN,NaN,NaN,NaN,NaN,NaN,400,0,400,400,400,0,81,32,0,0,0,0,0,0,0,0,0,0,0,0,0,0,0
LIRCMOP7_BC,1,17,0,0,NaN,0,0,NaN,NaN,0,0,3,0,NaN,NaN,NaN,NaN,0,0,0,0,NaN,NaN,NaN,NaN,NaN,NaN,NaN,NaN,NaN,NaN,NaN,NaN,400,0,400,400,400,0,60,36,0,0,0,0,0,0,0,0,0,0,0,0,0,0,0
LIRCMOP7_BC,1,18,0,0,NaN,0,0,NaN,NaN,0,0,3,0,NaN,NaN,NaN,NaN,0,0,0,0,NaN,NaN,NaN,NaN,NaN,NaN,NaN,NaN,NaN,NaN,NaN,NaN,400,0,400,400,400,0,58,31,0,0,0,0,0,0,0,0,0,0,0,0,0,0,0
LIRCMOP7_BC,1,19,0,0,NaN,0,0,NaN,NaN,0,0,3,0,NaN,NaN,NaN,NaN,0,0,0,0,NaN,NaN,NaN,NaN,NaN,NaN,NaN,NaN,NaN,NaN,NaN,NaN,400,0,400,400,400,0,77,39,0,0,0,0,0,0,0,0,0,0,0,0,0,0,0
LIRCMOP7_BC,1,20,0,0,NaN,0,0,NaN,NaN,0,0,3,0,NaN,NaN,NaN,NaN,0,0,0,0,NaN,NaN,NaN,NaN,NaN,NaN,NaN,NaN,NaN,NaN,NaN,NaN,400,0,400,400,400,0,84,38,0,0,0,0,0,0,0,0,0,0,0,0,0,0,0
LIRCMOP7_BC,1,21,0,0,NaN,0,0,NaN,NaN,0,0,3,0,NaN,NaN,NaN,NaN,0,0,0,0,NaN,NaN,NaN,NaN,NaN,NaN,NaN,NaN,NaN,NaN,NaN,NaN,400,0,400,400,400,0,111,43,0,0,0,0,0,0,0,0,0,0,0,0,0,0,0
LIRCMOP7_BC,1,22,14,1,0.07,14,0,0.0209089235098473,0.0428111064747959,14,20,3,0.000732869182850861,100,0.337198491539674,0.377752471883833,0,7,13,20,20,1.42857142857143,0.28587384031106,0.288823829576388,0,0.294913510077445,NaN,0.3,-0.0233814513189784,1,0.291234003305954,0.294959740537624,1,400,0,400,400,398,2,117,48,14,7,14,0,14,14,14,14,14,14,14,14,14,0,20
LIRCMOP7_BC,1,23,34,1,0.09,34,0,0.0173317999250714,0.0235330450852083,34,20,3,0.00177982515835209,94.1176470588235,0.365033900189339,0.404387000228353,0,7,13,20,20,0.588235294117647,0.280595201453108,0.282393749697321,0,0.287966023922724,NaN,0.1,-0.0212461460907567,0.888888888888889,0.284919114973638,0.288606602162586,1,400,14,428,428,410,18,142,47,22,12,318,0,49,49,49,49,34,34,34,34,34,0,20
LIRCMOP7_BC,1,24,36,1,0.08,36,0,0.0114260484650618,0.0156477560687129,36,20,3,0.00188452075590221,88.8888888888889,0.272239252333258,0.362675942563942,0,13,7,20,20,0.555555555555556,0.250374903499993,0.25284929152974,0,0.259071910403879,NaN,0.4,-0.0135445954826975,1,0.253314462456545,0.263340496875574,1,400,34,468,468,426,42,142,41,28,8,254,0,36,36,36,36,36,36,36,36,36,0,20
LIRCMOP7_BC,1,25,55,1,0.11,55,0,0.0107530450349905,0.0139864409408619,55,20,3,0.00287912893262838,58.1818181818182,0.254913227102479,0.348934558477364,0,17,3,20,20,0.363636363636364,0.197654830400479,0.201296109032312,0,0.204458346632263,NaN,0.7,0.0195010870266963,0.909090909090909,0.20051762380046,0.206579456390662,1,400,36,472,472,422,50,152,49,32,11,874,0,55,55,55,55,55,55,55,55,55,0,20
LIRCMOP7_BC,1,26,55,1,0.11,55,0,0.00676528879507523,0.0113847194094508,55,20,3,0.00287912893262838,58.1818181818182,0.275893646303517,0.336718296372901,0,20,0,20,20,0.363636363636364,0.194101701864729,0.199550538306976,0,0.203512198048477,NaN,0.65,0.0194596024322318,0.909090909090909,0.197168712637212,0.206310273585525,1,400,55,510,510,449,61,173,46,35,12,1130,0,56,56,56,56,55,55,55,55,55,0,20
LIRCMOP7_BC,1,27,96,1,0.2,96,0,0.00826485531046727,0.0218601151906221,96,20,3,0.0050253886824059,33.3333333333333,0.275893646303517,0.338882573205533,0,20,0,20,20,0.208333333333333,0.245306795992386,0.252484096079947,0,0.256993311026914,NaN,0.85,0.0144434972446884,0.85,0.248062396043729,0.257216756146572,1,400,55,510,510,435,75,147,45,47,21,1382,0,98,98,98,98,96,96,96,96,96,0,20
LIRCMOP7_BC,1,28,102,1,0.22,102,0,0.00639208092499567,0.0137661479072915,102,20,3,0.00533947547505627,31.3725490196078,0.274324045043627,0.350987869464469,0,17,3,20,20,0.196078431372549,0.240766905139034,0.247322486844044,0,0.250894642716921,NaN,0.7,0.0229596144019327,0.727272727272727,0.242984416310927,0.251464232575292,1,400,96,592,592,465,127,149,49,49,23,3022,0,107,107,107,107,102,102,102,102,102,0,20
LIRCMOP7_BC,1,29,119,1,0.24,119,0,0.00555621599085309,0.0151114069393211,119,20,3,0.00622938805423232,26.890756302521,0.286079624388949,0.442495016771278,0,16,4,20,20,0.168067226890756,0.0904678933618383,0.0977515601688991,0,0.120894034544383,NaN,0.55,0.00401192280416901,0.75,0.109935033139158,0.122023522215115,1,400,102,604,604,459,145,168,43,52,26,3824,0,127,127,127,127,119,119,119,119,119,0,20
LIRCMOP7_BC,1,30,143,1,0.3,143,0,0.00651584086587652,0.0178429379728035,143,20,3,0.0074857352248338,22.3776223776224,0.279134606955843,0.437507546409665,0,20,0,20,20,0.13986013986014,0.0687532459506223,0.0747303359454204,0,0.0830681583278982,NaN,0.35,-0.00730807792789184,0.666666666666667,0.0711746615152272,0.0837664869987231,1,400,119,638,638,473,165,235,54,60,32,5371,0,154,154,154,154,143,143,143,143,143,0,20
LIRCMOP7_BC,1,31,156,1,0.34,156,0,0.00455208562822983,0.0105979452588514,156,20,3,0.00816625660890959,20.5128205128205,0.284078173780624,0.417634428644645,0,20,0,20,20,0.128205128205128,0.0787478533749555,0.0834256262891183,0,0.114441248526315,NaN,0.3,-0.00996289447193593,0.647058823529412,0.101509915046557,0.115456649827651,1,400,143,686,686,503,183,253,52,70,42,5562,0,179,179,179,179,156,156,156,156,156,0,20
LIRCMOP7_BC,1,32,165,1,0.33,165,0,0.00534286360535954,0.0137143382130537,165,20,3,0.00863738679788515,19.3939393939394,0.286079624388949,0.417634428644645,0,20,0,20,20,0.121212121212121,0.137427186905569,0.147349510205152,0,0.150706168952139,NaN,0.4,-0.0141366995847328,0.727272727272727,0.147477351569294,0.151549444558709,1,400,156,712,712,513,199,303,54,68,40,7790,0,196,196,196,196,165,165,165,165,165,0,20
LIRCMOP7_BC,1,33,189,1,0.38,189,0,0.00479956577637169,0.017702680128865,189,20,3,0.00989373396848662,16.9312169312169,0.286079624388949,0.437507546409665,0,20,0,20,20,0.105820105820106,0.0714216890806169,0.0730383319640203,0,0.0820793063774581,NaN,0.45,-0.00260292429930714,0.631578947368421,0.0739303203987972,0.0830840186559794,1,400,165,730,730,515,215,285,57,78,47,6637,0,231,231,231,231,189,189,189,189,189,0,20
LIRCMOP7_BC,1,34,204,1,0.43,204,0,0.00485618475743362,0.0179941550441015,204,20,3,0.0106789509501125,15.6862745098039,0.2820767231723,0.420054929713786,0,20,0,20,17,0.0980392156862745,0.00638775864495514,0.0137447997524691,0,0.052146618516177,NaN,0.85,0.0356073766669865,0.325581395348837,0.0368325490452754,0.0546492920334683,0.85,400,189,778,778,529,249,338,60,88,52,9484,0,248,248,248,248,204,204,204,204,204,0,20
LIRCMOP7_BC,1,35,219,1,0.44,219,0,0.00509644727517963,0.0182067232933529,219,20,3,0.0114641679317385,14.6118721461187,0.297463986257459,0.458639954650735,0,20,0,20,20,0.091324200913242,0.0383371450738963,0.0486657337747248,0,0.0817783554836823,NaN,0.5,-0.00161500958557692,0.409090909090909,0.0601172325926956,0.0831278677412684,1,400,204,808,808,547,261,367,60,88,52,9878,0,253,253,253,253,219,219,219,219,219,0,20
LIRCMOP7_BC,1,36,245,1,0.49,245,0,0.00568609932026174,0.0154789399383732,245,20,3,0.0128252106998901,13.0612244897959,0.300939141141412,0.451218703575264,0,20,0,20,20,0.0816326530612245,0.0206706725469351,0.0325634992866519,0,0.0628518857435318,NaN,0.55,0.00218758846622852,0.530612244897959,0.0393742839620454,0.0643219850314842,1,400,219,838,838,551,287,351,66,90,58,10196,0,290,290,290,290,245,245,245,245,245,0,20
LIRCMOP7_BC,1,37,230,1,0.46,230,0,0.00613243462371381,0.0151318300611674,230,20,3,0.0120399937182641,13.9130434782609,0.313876934079377,0.451218703575264,0,20,0,20,20,0.0869565217391304,0.0218416586809017,0.0324282635982505,0,0.0422344100737022,NaN,0.55,0.00580640006526598,0.478260869565217,0.030348244135315,0.0433564575699818,1,400,245,890,890,573,317,373,65,88,54,12075,0,263,263,263,263,230,230,230,230,230,0,20
LIRCMOP7_BC,1,38,225,1,0.46,225,0,0.0066310643841485,0.0185678511705006,225,20,3,0.0117782547243888,14.2222222222222,0.331717348062121,0.460758156846587,0,20,0,20,19,0.0888888888888889,0.00882854223446991,0.0181400176193528,0,0.0366049879474097,NaN,0.75,0.0466438281895957,0.347826086956522,0.0230887628867939,0.0377760105972671,0.95,400,230,860,860,562,298,392,64,86,53,12628,0,253,253,253,253,225,225,225,225,225,0,20
LIRCMOP7_BC,1,39,235,1,0.47,235,0,0.0053400153684221,0.0124204148595484,235,20,3,0.0123017327121395,13.6170212765957,0.331717348062121,0.473885060011141,0,20,0,20,20,0.0851063829787234,0.00971292883212033,0.0184696153800813,0,0.0292226405061043,NaN,0.75,0.0299234743084761,0.361702127659574,0.0165653683999784,0.0301794315603405,1,400,225,850,850,566,284,344,61,87,53,10443,0,262,262,262,262,235,235,235,235,235,0,20
LIRCMOP7_BC,1,40,240,1,0.48,240,0,0.00480827180631184,0.0156180409809291,240,20,3,0.0125634717060148,13.3333333333333,0.327612657889413,0.465949322548091,0,20,0,20,20,0.0833333333333333,0.0163146278982486,0.0255755415200777,0,0.0622764134702394,NaN,0.65,0.0335937963009247,0.375,0.0453277206280076,0.0637305116907337,1,400,235,870,870,574,296,353,60,89,55,11363,0,271,271,271,271,240,240,240,240,240,0,20
LIRCMOP7_BC,1,41,240,1,0.48,240,0,0.00446822752913343,0.013514698842645,240,20,3,0.0125634717060148,13.3333333333333,0.331717348062121,0.474381953464278,0,20,0,20,20,0.0833333333333333,0.0263784293543888,0.0369079120178779,0,0.0816715578279675,NaN,0.55,0.0142209717528347,0.3125,0.0669395638250627,0.0828367521169328,1,400,240,880,880,577,303,362,61,86,55,12647,0,271,271,271,271,240,240,240,240,240,0,20
LIRCMOP7_BC,1,42,86,1,0.18,86,0,0.00817490019400169,0.0242170130565813,86,20,3,0.00450191069465529,37.2093023255814,0.278541567151416,0.414842174911422,0,20,0,20,8,0.232558139534884,0.0203821086298155,0.0310074688896097,0,0.0488043091761496,NaN,0.4,-0.0188105338404663,0.277777777777778,0.0373094221787274,0.0502547771893316,0.4,400,240,880,880,583,297,135,30,93,24,2807,75,111,111,111,111,86,86,86,86,86,0,20
LIRCMOP7_BC,1,43,43,1,0.1,43,0,0.0152926874546773,0.0534637909403464,43,20,3,0.00225095534732764,74.4186046511628,0.245029362121496,0.414842174911422,0,20,0,20,4,0.465116279069767,0.00289306374459318,0.0111498546952012,0,0.0180727390997822,NaN,1,0.0397935696997889,0.4,0.0119845039461998,0.0202701714030651,0.2,400,86,572,572,418,154,129,23,91,16,2357,101,58,58,58,58,43,43,43,43,43,0,20
LIRCMOP7_BC,1,44,61,1,0.15,61,0,0.0133816344247775,0.121052575224974,61,20,3,0.00319321572527875,52.4590163934426,0.248121204418819,0.358203071847787,0,20,0,20,20,0.327868852459016,0.00757961751770933,0.0254289006827403,0,0.0254289006827403,NaN,0.95,0.0391186850773824,0.266666666666667,0.0193572385732215,0.026919188192409,1,400,43,486,486,383,103,91,23,100,23,1273,47,78,78,78,78,61,61,61,61,61,0,20
LIRCMOP7_BC,1,45,55,1,0.14,55,0,0.0106221901022852,0.0317926255067856,55,20,3,0.00287912893262838,58.1818181818182,0.284133023045053,0.37343625037026,0,20,0,20,0,0.363636363636364,0.00479380757995224,0.00712553500633345,0,0.0190121720726434,NaN,1,0.0602222990844836,0,0.017151913920542,0.0242372084164312,0,400,61,522,522,383,139,111,27,94,22,2139,87,77,77,77,77,55,55,55,55,55,0,20
LIRCMOP7_BC,1,46,89,1,0.21,89,0,0.00853891833898148,0.0215118501228721,89,20,3,0.00465895409098047,35.9550561797753,0.288646007556128,0.383627303726351,0,20,0,20,3,0.224719101123595,0.00946505223342006,0.0168933996439354,0,0.0254861551195265,NaN,0.9,0.0434072388369821,0.142857142857143,0.0167046165735916,0.0282542223195375,0.15,400,55,510,510,350,160,127,30,94,25,1781,138,106,106,106,106,89,89,89,89,89,0,20
LIRCMOP7_BC,1,47,104,1,0.23,104,0,0.00629603559809798,0.0148572952790126,104,20,3,0.0054441710726064,30.7692307692308,0.289298371801111,0.491340411330577,0,20,0,20,8,0.192307692307692,0.011382543211976,0.0188876821457898,0,0.0188876821457898,NaN,0.75,0.0733982620072401,0.130434782608696,0.0155826787290861,0.0246922591685048,0.4,400,89,578,578,422,156,154,34,95,31,2724,130,127,127,127,127,104,104,104,104,104,0,20
LIRCMOP7_BC,1,48,136,1,0.28,136,0,0.00918849819281171,0.0197966909570642,136,20,3,0.00711930063340837,23.5294117647059,0.302781452230233,0.426438273890735,0,20,0,20,1,0.147058823529412,0.00872899969336413,0.0165558136196411,0,0.0264664665788627,NaN,0.35,-0.0108142019320209,0.0714285714285714,0.0224350237477636,0.0273202632740385,0.05,400,104,608,608,410,198,170,42,90,36,5013,84,169,169,169,169,136,136,136,136,136,0,20
LIRCMOP7_BC,1,49,166,1,0.36,166,0,0.0066439884853469,0.0212870462335216,166,20,3,0.00868973459666021,19.2771084337349,0.356241956732235,0.492341055570242,0,20,0,20,20,0.120481927710843,0.0290928417224699,0.0452537030251043,0,0.0529107321520391,NaN,0.55,0.0020361262592033,0.111111111111111,0.0495907808597095,0.0639130944521524,1,400,136,672,672,437,235,212,46,100,46,5211,66,213,213,213,213,166,166,166,166,166,0,20
LIRCMOP7_BC,1,50,180,1,0.36,180,0,0.00559569364076964,0.0127206304825906,180,20,3,0.00942260377951107,17.7777777777778,0.313196002711594,0.461812941651153,0,20,0,20,20,0.111111111111111,0.0762714249838348,0.0780007358434113,0,0.0780161911250195,NaN,1,0.0277432436326621,0.0555555555555556,0.0843794028439526,0.0902784911803352,1,400,166,732,732,475,257,315,46,100,46,8700,4,220,220,220,220,180,180,180,180,180,0,20
LIRCMOP7_BC,1,51,205,1,0.41,205,0,0.00680918403116935,0.0153097447382728,205,20,3,0.0107312987488876,15.609756097561,0.337471330252006,0.454729211591438,0,20,0,20,20,0.0975609756097561,0.0435016452754131,0.0555629670736007,0,0.0592829793626807,NaN,1,0.0236173597864225,0.121951219512195,0.058431026568565,0.070129672754407,1,400,180,760,760,504,256,265,50,100,50,8130,15,231,231,231,231,205,205,205,205,205,0,20
LIRCMOP7_BC,1,52,216,1,0.44,216,0,0.00467849849241311,0.0112981887470911,216,20,3,0.0113071245354133,14.8148148148148,0.324104645260454,0.454729211591438,0,20,0,20,6,0.0925925925925926,0.00710812468674981,0.0159047281080862,0,0.0164262884154572,NaN,0.65,0.00638158434587613,0.227272727272727,0.00938651647269037,0.018995777897953,0.3,400,205,810,810,493,317,321,55,100,55,9355,42,273,273,273,273,216,216,216,216,216,0,20
LIRCMOP7_BC,1,53,238,1,0.48,238,0,0.00493789572828139,0.0131128255379058,238,20,3,0.0124587761084646,13.4453781512605,0.333756143222507,0.492341055570242,0,20,0,20,6,0.0840336134453782,0.0158726686249854,0.0229321178164006,0,0.0270156903404734,NaN,0.95,0.0199103480486325,0.104166666666667,0.0217097765429369,0.031649135934941,0.3,400,216,832,832,513,319,371,59,100,59,10884,67,295,295,295,295,238,238,238,238,238,0,20
LIRCMOP7_BC,1,54,230,1,0.46,230,0,0.00553229428371539,0.0136319558261266,230,20,3,0.0120399937182641,13.9130434782609,0.328493260274951,0.492341055570242,0,20,0,20,10,0.0869565217391304,0.0193831272437179,0.0282908695064732,0,0.0310228475540001,NaN,0.95,0.0337080959228623,0.152173913043478,0.0243702768362948,0.0360278101162002,0.5,400,238,876,876,533,343,359,58,100,58,12024,109,288,288,288,288,230,230,230,230,230,0,20
LIRCMOP7_BC,1,55,230,1,0.47,230,0,0.00593723984446423,0.016349354485154,230,20,3,0.0120399937182641,13.9130434782609,0.330378113055354,0.492341055570242,0,20,0,20,17,0.0869565217391304,0.0187886392462941,0.0317501415017329,0,0.0398279033087536,NaN,0.95,0.028424732584647,0.148936170212766,0.0323674637527874,0.046299967461761,0.85,400,230,860,860,532,328,334,58,100,58,10994,106,290,290,290,290,230,230,230,230,230,0,20
LIRCMOP7_BC,1,56,220,1,0.46,220,0,0.0048497624820969,0.0129602122623984,220,20,3,0.0115165157305135,14.5454545454545,0.325260593732596,0.495766216989983,0,20,0,20,19,0.0909090909090909,0.0332419531908826,0.052349496188564,0,0.057878188625967,NaN,0.7,0.00378430096745383,0.173913043478261,0.0460779764208765,0.0615363729896604,0.95,400,230,860,860,520,340,326,55,100,55,11602,77,275,275,275,275,220,220,220,220,220,0,20
LIRCMOP7_BC,1,57,246,1,0.5,246,0,0.00425771875753971,0.0105894746300273,246,20,3,0.0128775584986651,13.0081300813008,0.322433791306006,0.495423700848009,0,20,0,20,14,0.0813008130081301,0.0264478586522385,0.034602448487994,0,0.0368517226384889,NaN,0.45,-0.00558174551372576,0.1,0.0299488618285648,0.0430005195113993,0.7,400,220,840,840,504,336,350,59,100,59,11708,65,293,293,293,293,246,246,246,246,246,0,20
LIRCMOP7_BC,1,58,241,1,0.49,241,0,0.00472824992472514,0.0166774092867738,241,20,3,0.0126158195047898,13.2780082987552,0.322433791306006,0.495766216989983,0,20,0,20,15,0.0829875518672199,0.0222151343832819,0.039658724120598,0,0.0446807750486259,NaN,0.4,-0.00978861612552995,0.163265306122449,0.0339980164558222,0.0511026387662374,0.75,400,246,892,892,525,367,337,57,100,57,11814,68,282,282,282,282,241,241,241,241,241,0,20
LIRCMOP7_BC,1,59,245,1,0.49,245,0,0.00427992529076852,0.0121488597785211,245,20,3,0.0128252106998901,13.0612244897959,0.331077774759554,0.492341055570242,0,20,0,20,19,0.0816326530612245,0.0346809935614501,0.0532952855046019,0,0.055716930366277,NaN,0.5,-0.00156399334335311,0.142857142857143,0.0457591902259112,0.0681081039378574,0.95,400,241,882,882,531,351,328,58,100,58,11299,47,287,287,287,287,245,245,245,245,245,0,20
LIRCMOP7_BC,1,60,242,1,0.5,242,0,0.00382207164795706,0.0138598003922087,242,20,3,0.0126681673035649,13.2231404958678,0.322433791306006,0.492341055570242,0,20,0,20,20,0.0826446280991736,0.0464115245384961,0.059465212096829,0,0.0597366966345448,NaN,0.5,-0.000267827541264309,0.08,0.0548861828220689,0.0717538312641196,1,400,245,890,890,552,338,359,56,100,56,13246,65,277,277,277,277,242,242,242,242,242,0,20
LIRCMOP7_BC,1,61,245,1,0.49,245,0,0.0046116727771933,0.0159135043991777,245,20,3,0.0128252106998901,13.0612244897959,0.327392559001133,0.492341055570242,0,20,0,20,20,0.0816326530612245,0.0444419173787288,0.0599035405040657,0,0.0619101392890122,NaN,0.65,0.0106737143813668,0.102040816326531,0.0578906412508987,0.0751668790949403,1,400,242,884,884,519,365,369,58,100,58,13408,41,290,290,290,290,245,245,245,245,245,0,20
LIRCMOP7_BC,1,62,268,1,0.55,268,0,0.0041908628594722,0.0136804443816208,268,20,3,0.0140292100717165,11.9402985074627,0.327392559001133,0.454729211591438,0,20,0,20,18,0.0746268656716418,0.0343026993539596,0.0561898137315982,0,0.0580023178357194,NaN,0.65,0.0182115919609819,0.163636363636364,0.0449442844773989,0.0690381944849748,0.9,400,245,890,890,532,358,415,60,100,60,13501,34,300,300,300,300,268,268,268,268,268,0,20
LIRCMOP7_BC,1,63,255,1,0.51,255,0,0.00420920674083353,0.0113871810576148,255,20,3,0.0133486886876407,12.5490196078431,0.335088824269445,0.454729211591438,0,20,0,20,14,0.0784313725490196,0.0244255923014118,0.0320412117048674,0,0.0325282902040435,NaN,0.3,-0.0269649054871704,0.0588235294117647,0.028067738131782,0.0412484783566536,0.7,400,268,936,936,540,396,384,59,100,59,15487,13,295,295,295,295,255,255,255,255,255,0,20
LIRCMOP7_BC,1,64,303,1,0.62,303,0,0.00588821787451522,0.0209925054544604,303,20,3,0.0158613830288436,10.5610561056106,0.328937956101472,0.485496352915398,0,20,0,20,13,0.066006600660066,0.0275908598369808,0.0408462355069258,0,0.0495273204370446,NaN,0.55,0.0112811879897245,0.129032258064516,0.0320740734394057,0.0524263376537954,0.65,400,255,910,910,531,379,375,66,100,66,14326,7,330,330,330,330,303,303,303,303,303,0,20
LIRCMOP7_BC,1,65,305,1,0.61,305,0,0.00446472938919147,0.0151659081210534,305,20,3,0.0159660786263938,10.4918032786885,0.330378113055354,0.483785177251687,0,20,0,20,14,0.0655737704918033,0.0158642953762924,0.0327253935737835,0,0.0445284327070461,NaN,0.6,0.0138624681826564,0.131147540983607,0.0326290787559552,0.049597950066651,0.7,400,303,1006,1006,565,441,431,66,100,66,18702,11,330,330,330,330,305,305,305,305,305,0,20
LIRCMOP7_BC,1,66,290,1,0.58,290,0,0.00435447104945435,0.0128578423062096,290,20,3,0.0151808616447678,11.0344827586207,0.348972620422433,0.483785177251687,0,20,0,20,17,0.0689655172413793,0.0202773107124748,0.0379104984619137,0,0.0460963613441982,NaN,0.5,-0.00048808210183493,0.155172413793103,0.03575738193949,0.0569773329363365,0.85,400,305,1010,1010,587,423,445,65,100,65,18084,9,325,325,325,325,290,290,290,290,290,0,20
LIRCMOP7_BC,1,67,280,1,0.56,280,0,0.00478075791712249,0.0110438752073883,280,20,3,0.0146573836570172,11.4285714285714,0.348319102518651,0.483785177251687,0,20,0,20,15,0.0714285714285714,0.0164755865725536,0.036633807463204,0,0.0485996546598945,NaN,0.8,0.014033158357228,0.160714285714286,0.0372375260614102,0.0563116206292765,0.75,400,290,980,980,563,417,427,62,100,62,16739,8,310,310,310,310,280,280,280,280,280,0,20
LIRCMOP7_BC,1,68,310,1,0.62,310,0,0.00383182368176419,0.0122611785764977,310,20,3,0.0162278176202691,10.3225806451613,0.335156576361784,0.468225205447454,0,20,0,20,14,0.0645161290322581,0.0215434302566264,0.0436342237461244,0,0.0573200993556406,NaN,0.55,0.00793213085471425,0.129032258064516,0.0411191089859891,0.0654664598431127,0.7,400,280,960,960,560,400,407,68,100,68,15392,12,340,340,340,340,310,310,310,310,310,0,20
LIRCMOP7_BC,1,69,315,1,0.63,315,0,0.00394492036833267,0.00996413486462049,315,20,3,0.0164895566141444,10.1587301587302,0.355602226002458,0.473374900671886,0,20,0,20,16,0.0634920634920635,0.033530464239819,0.0587147441655248,0,0.0633471268526043,NaN,0.65,0.0197799004581065,0.158730158730159,0.0538783733334556,0.0762791736161264,0.8,400,310,1020,1020,590,430,456,68,100,68,19012,27,340,340,340,340,315,315,315,315,315,0,20
LIRCMOP7_BC,1,70,295,1,0.59,295,0,0.00401413401147577,0.00908684540547798,295,20,3,0.0154426006386431,10.8474576271186,0.355602226002458,0.483785177251687,0,20,0,20,13,0.0677966101694915,0.0198828509441276,0.0316544462860633,0,0.0434188974700138,NaN,0.7,0.0166141722173271,0.152542372881356,0.0318803652403,0.0487498162640968,0.65,400,315,1030,1030,577,453,462,65,100,65,19649,16,325,325,325,325,295,295,295,295,295,0,20
LIRCMOP7_BC,1,71,310,1,0.62,310,0,0.00378680985991119,0.00916255192524904,310,20,3,0.0162278176202691,10.3225806451613,0.366889175774866,0.483785177251687,0,20,0,20,16,0.0645161290322581,0.0228096739595639,0.0376070948876085,0,0.0419555147298316,NaN,0.7,0.0220404555791043,0.112903225806452,0.0346529337701957,0.0519203927285398,0.8,400,295,990,990,581,409,432,67,100,67,16700,44,332,332,332,332,310,310,310,310,310,0,20
LIRCMOP7_BC,1,72,315,1,0.63,315,0,0.00361317421363414,0.00889517745512147,315,20,3,0.0164895566141444,10.1587301587302,0.344295357092008,0.468225205447454,0,20,0,20,18,0.0634920634920635,0.0328134563346917,0.0556440733479283,0,0.0585934235198059,NaN,0.95,0.0413690626887796,0.126984126984127,0.0506673651703255,0.0722823685527215,0.9,400,310,1020,1020,590,430,471,69,100,69,19731,13,345,345,345,345,315,315,315,315,315,0,20
LIRCMOP7_BC,1,73,335,1,0.67,335,0,0.00382551851376984,0.00972825567665032,335,20,3,0.0175365125896456,9.55223880597015,0.355602226002458,0.468225205447454,0,20,0,20,17,0.0597014925373134,0.0361019814985428,0.0604506599301476,0,0.064074614816695,NaN,0.85,0.02258689976749,0.119402985074627,0.0540478902979881,0.0760119449294623,0.85,400,315,1030,1030,594,436,445,73,100,73,18429,27,363,363,363,363,335,335,335,335,335,0,20
LIRCMOP7_BC,1,74,329,1,0.66,329,0,0.0033745871607218,0.00814258459268796,329,20,3,0.0172224257969952,9.72644376899696,0.348319102518651,0.473374900671886,0,20,0,20,17,0.060790273556231,0.0404211146949464,0.0663699876272691,0,0.0816963852248203,NaN,0.75,0.026186965576572,0.106060606060606,0.0554981246462645,0.08806676221247,0.85,400,335,1070,1070,623,447,471,71,100,71,20075,3,355,355,355,355,329,329,329,329,329,0,20
LIRCMOP7_BC,1,75,330,1,0.66,330,0,0.00322005178066522,0.00759376142037102,330,20,3,0.0172747735957703,9.6969696969697,0.334135148902788,0.483785177251687,0,20,0,20,16,0.0606060606060606,0.038051237035734,0.066875834497462,0,0.0824614057008166,NaN,0.7,0.013227337605548,0.181818181818182,0.0598508705426172,0.0889288631906983,0.8,400,329,1058,1058,608,450,484,72,100,72,20526,11,360,360,360,360,330,330,330,330,330,0,20
LIRCMOP7_BC,1,76,325,1,0.65,325,0,0.00301471061748102,0.0074617774289656,325,20,3,0.017013034601895,9.84615384615385,0.335088824269445,0.473374900671886,0,20,0,20,15,0.0615384615384615,0.0300896344075943,0.0442141742357166,0,0.0588109022745699,NaN,0.7,0.0160657845793414,0.184615384615385,0.0388262716287884,0.061442021373193,0.75,400,330,1060,1060,603,457,476,72,100,72,20036,4,360,360,360,360,325,325,325,325,325,0,20
LIRCMOP7_BC,1,77,315,1,0.63,315,0,0.00320958755623204,0.00786523591983253,315,20,3,0.0164895566141444,10.1587301587302,0.339211989931535,0.492341055570242,0,20,0,20,15,0.0634920634920635,0.0323380214369256,0.0543619557650506,0,0.0717531294391711,NaN,0.7,0.0105300110367014,0.19047619047619,0.0517896480393813,0.0765312819767683,0.75,400,325,1050,1050,605,445,431,70,100,70,17912,0,350,350,350,350,315,315,315,315,315,0,20
LIRCMOP7_BC,1,78,295,1,0.59,295,0,0.00378461946277825,0.00856543073277325,295,20,3,0.0154426006386431,10.8474576271186,0.3319577703852,0.492341055570242,0,20,0,20,20,0.0677966101694915,0.0683475710341987,0.0911220450050181,0,0.1033953247792,NaN,0.85,0.0327408617728267,0.11864406779661,0.0881113023652888,0.108500801670037,1,400,315,1030,1030,589,441,446,66,100,66,20679,6,330,330,330,330,295,295,295,295,295,0,20
LIRCMOP7_BC,1,79,310,1,0.62,310,0,0.00467244279694031,0.0118937635105655,310,20,3,0.0162278176202691,10.3225806451613,0.337702760115519,0.483785177251687,0,20,0,20,20,0.0645161290322581,0.0388693293005721,0.0588985490889977,0,0.0760769449571916,NaN,0.85,0.0470199432091348,0.145161290322581,0.0580950825530151,0.0790816791820667,1,400,295,990,990,546,444,439,68,100,68,19295,0,340,340,340,340,310,310,310,310,310,0,20
LIRCMOP7_BC,1,80,291,1,0.59,291,0,0.0038135654716048,0.00941869298204638,291,20,3,0.0152332094435429,10.9965635738832,0.331077774759554,0.478456072271138,0,20,0,20,19,0.0687285223367698,0.0457415268506163,0.0644953441850054,0,0.0795198075375251,NaN,0.9,0.0395178835056103,0.152542372881356,0.065494890826489,0.079535384604221,0.95,400,310,1020,1020,571,449,424,66,100,66,19366,0,330,330,330,330,291,291,291,291,291,0,20
LIRCMOP7_BC,1,81,295,1,0.59,295,0,0.00379991441146716,0.00913771871822078,295,20,3,0.0154426006386431,10.8474576271186,0.337702760115519,0.483785177251687,0,20,0,20,20,0.0677966101694915,0.0473761192693005,0.063672980589755,0,0.0797061259653613,NaN,1,0.025844921028502,0.11864406779661,0.0689642783465773,0.0817455169593073,1,400,291,982,982,556,426,429,67,100,67,18112,0,335,335,335,335,295,295,295,295,295,0,20
LIRCMOP7_BC,1,82,295,1,0.59,295,0,0.00351528934654869,0.00842569668109305,295,20,3,0.0154426006386431,10.8474576271186,0.339211989931535,0.483785177251687,0,20,0,20,19,0.0677966101694915,0.0539214051919405,0.0722002373645718,0,0.0722002373645718,NaN,1,0.0253922705149086,0.11864406779661,0.0641275830098155,0.0798307426469315,0.95,400,295,990,990,566,424,447,68,100,68,19462,3,340,340,340,340,295,295,295,295,295,0,20
LIRCMOP7_BC,1,83,300,1,0.6,300,0,0.00318274969440891,0.00805772475712244,300,20,3,0.0157043396325185,10.6666666666667,0.335088824269445,0.486192256983789,0,20,0,20,19,0.0666666666666667,0.0411539231031916,0.0627716228066542,0,0.0639692175305617,NaN,0.9,0.0348144653934185,0.133333333333333,0.0554445461056395,0.0736873054977187,0.95,400,295,990,990,570,420,449,68,100,68,20093,2,340,340,340,340,300,300,300,300,300,0,20
LIRCMOP7_BC,1,84,92,1,0.2,92,0,0.00594637798098839,0.0281932524645051,92,20,3,0.00481599748730566,34.7826086956522,0.192953784720742,0.276711351306833,0,20,0,20,2,0.217391304347826,0.00859979609731111,0.0127169802134752,0,0.0255728151551756,NaN,0.95,0.0317591079537739,0.2,0.016839330422486,0.0256310244812933,0.1,400,300,1000,1000,575,425,165,23,100,23,4315,62,111,111,111,111,92,92,92,92,92,0,20
LIRCMOP7_BC,1,85,82,1,0.17,82,0,0.00657987148588667,0.0322059331593279,82,20,3,0.00429251949955504,39.0243902439024,0.203683518426209,0.276711351306833,0,20,0,20,7,0.24390243902439,0.00436919502008278,0.00633179999949297,0,0.0254516213672009,NaN,0.7,0.0198680397693845,0.411764705882353,0.0122598153385462,0.0257892749357074,0.35,400,92,584,584,415,169,136,20,100,20,4262,28,95,95,95,95,82,82,82,82,82,0,20
LIRCMOP7_BC,1,86,58,1,0.12,58,0,0.0118869616546934,0.0473292709281049,58,20,3,0.00303617232895357,55.1724137931034,0.176963144082114,0.265765120849019,0,20,0,20,0,0.344827586206897,0.00340026020974435,0.0212931749048505,0,0.0225461535458666,NaN,0.5,-0.000700886325556108,0,0.00766665485207341,0.0228440944994611,0,400,82,564,564,368,196,116,16,100,16,4869,34,63,63,63,63,58,58,58,58,58,0,20
LIRCMOP7_BC,1,87,67,1,0.14,67,0,0.0066120010117317,0.0231632878796309,67,20,3,0.00350730251792912,47.7611940298507,0.144006747130069,0.235876552792258,0,20,0,20,0,0.298507462686567,0.00149093282625169,0.0123306346854094,0,0.0168172453670478,NaN,0.5,-0.000794482153395601,0,0.00322690732021131,0.0168444151829096,0,400,58,516,516,350,166,194,16,100,16,6860,28,72,72,72,72,67,67,67,67,67,0,20
LIRCMOP7_BC,1,88,75,1,0.15,75,0,0.00766821037309473,0.0271993478239946,75,20,3,0.00392608490812961,42.6666666666667,0.176963144082114,0.252372935426421,0,20,0,20,4,0.266666666666667,0.00354974237301867,0.0045983880072503,0,0.00709307863189073,NaN,0.7,0.0209647584020325,0.2,0.00565553348048196,0.00847877846891846,0.2,400,67,534,534,368,166,151,17,100,17,6205,24,80,80,80,80,75,75,75,75,75,0,20
LIRCMOP7_BC,1,89,79,1,0.16,79,0,0.00726836772823732,0.0345039151447493,79,20,3,0.00413547610322986,40.5063291139241,0.146261168749703,0.232148120116698,0,20,0,20,0,0.253164556962025,0.00514330170927341,0.00871419784827572,0,0.00871419784827572,NaN,1,0.0206626664782584,0,0.00769819951682897,0.0126993995282181,0,400,75,550,550,348,202,196,18,100,18,8099,26,84,84,84,84,79,79,79,79,79,0,20
LIRCMOP7_BC,1,90,94,1,0.2,94,0,0.00653496559680563,0.0203473101230735,94,20,3,0.00492069308485578,34.0425531914894,0.152759509431643,0.233565724159893,0,20,0,20,1,0.212765957446809,0.00480422462779785,0.0119240896269667,0,0.0135325051245379,NaN,1,0.0107552242591103,0.1,0.00580965807721646,0.0162352849291644,0.05,400,79,558,558,356,202,181,22,100,22,7205,38,99,99,99,99,94,94,94,94,94,0,20
LIRCMOP7_BC,1,91,96,1,0.2,96,0,0.00362261484455925,0.0133596624696646,96,20,3,0.0050253886824059,33.3333333333333,0.207787217239463,0.270370790226233,0,20,0,20,0,0.208333333333333,0.00176489015389025,0.00525233946674055,0,0.00525233946674055,NaN,0.2,-0.00767792838954431,0,0.00712921002417432,0.0149346157818325,0,400,94,588,588,366,222,218,23,100,23,9281,40,110,110,110,110,96,96,96,96,96,0,20
LIRCMOP7_BC,1,92,86,1,0.18,86,0,0.00312160788855572,0.0101488864680243,86,20,3,0.00450191069465529,37.2093023255814,0.207787217239463,0.252372935426421,0,20,0,20,0,0.232558139534884,0.00844938301501979,0.0103260927742027,0,0.0109925519583105,NaN,1,0.0188188155910847,0,0.0108359233832049,0.0192366669436983,0,400,96,592,592,389,203,202,24,100,24,6203,38,111,111,111,111,86,86,86,86,86,0,20
LIRCMOP7_BC,1,93,91,1,0.19,91,0,0.00320479358880395,0.00683911317877726,91,20,3,0.0047636496885306,35.1648351648352,0.203030876128375,0.293630817279586,0,20,0,20,2,0.21978021978022,0.00558469438913634,0.00710661538184479,0,0.00710661538184479,NaN,0.95,0.00471571299067608,0.105263157894737,0.0114380145172008,0.0172319763661128,0.1,400,86,572,572,369,203,213,25,100,25,7386,44,114,114,114,114,91,91,91,91,91,0,20
LIRCMOP7_BC,1,94,112,1,0.25,112,0,0.00506161095569417,0.013860682742588,112,20,3,0.00586295346280689,28.5714285714286,0.181437009389528,0.241061952459182,0,20,0,20,1,0.178571428571429,0.0040461397047626,0.00769379635336473,0,0.00860210459670389,NaN,0.15,-0.00339100042722648,0.08,0.00849386460993266,0.0169125398936893,0.05,400,91,582,582,375,207,207,27,100,27,7354,28,128,128,128,128,112,112,112,112,112,0,20
LIRCMOP7_BC,1,95,126,1,0.26,126,0,0.00439331962840882,0.0174780472289944,126,20,3,0.00659582264565775,25.3968253968254,0.172841290411371,0.277002784473513,0,20,0,20,7,0.158730158730159,0.0133617331772753,0.0191939338036883,0,0.0201823333774052,NaN,0.25,-0.0045321076385621,0.153846153846154,0.0177406735416641,0.0245915878175435,0.35,400,112,624,624,398,226,181,29,100,29,5854,6,140,140,140,140,126,126,126,126,126,0,20
LIRCMOP7_BC,1,96,115,1,0.23,115,0,0.00476914801385769,0.0108188245745152,115,20,3,0.00601999685913207,27.8260869565217,0.196009421900964,0.268870298940248,0,20,0,20,0,0.173913043478261,0.00845353063395608,0.0102426757115798,0,0.0201717085349909,NaN,0.8,0.00687141540521335,0,0.0143530161684253,0.0224094780451596,0,400,126,652,652,383,269,230,28,100,28,8300,36,135,135,135,135,115,115,115,115,115,0,20
LIRCMOP7_BC,1,97,117,1,0.24,117,0,0.00428333798960585,0.0131405106805052,117,20,3,0.0061246924566822,27.3504273504273,0.181437009389528,0.268870298940248,0,20,0,20,4,0.170940170940171,0.00685383966700097,0.0100967079122747,0,0.0189989402243316,NaN,1,0.0404981274934939,0.0833333333333333,0.0162105219554103,0.0237044227296186,0.2,400,115,630,630,374,256,240,29,100,29,6678,46,140,140,140,140,117,117,117,117,117,0,20
LIRCMOP7_BC,1,98,137,1,0.28,137,0,0.00374091545763269,0.0119534881675357,137,20,3,0.00717164843218343,23.3576642335766,0.181436186813134,0.314251416865639,0,20,0,20,5,0.145985401459854,0.0088569998856431,0.0101471321960488,0,0.0223992100495163,NaN,1,0.0540847399280737,0.0714285714285714,0.0172975075610701,0.0262940332902533,0.25,400,117,634,634,387,247,242,32,100,32,6786,23,159,159,159,159,137,137,137,137,137,0,20
LIRCMOP7_BC,1,99,130,1,0.26,130,0,0.00380545749024095,0.00900811009604033,130,20,3,0.006805213840758,24.6153846153846,0.192224368086335,0.314251416865639,0,20,0,20,0,0.153846153846154,0.0117015209888494,0.0154909700761227,0,0.0171321101315485,NaN,1,0.0506957170409023,0,0.0146307021578848,0.0198721449848699,0,400,137,674,674,384,290,262,30,100,30,8304,1,150,150,150,150,130,130,130,130,130,0,20
LIRCMOP7_BC,1,100,140,1,0.28,140,0,0.00353765456141307,0.0110825084045185,140,20,3,0.00732869182850861,22.8571428571429,0.203319930954862,0.314251416865639,0,20,0,20,0,0.142857142857143,0.00715754287194147,0.00946814446496407,0,0.0182345845528952,NaN,1,0.079020624060892,0,0.0139211584547318,0.0206195243441888,0,400,130,660,660,401,259,288,33,100,33,7484,14,163,163,163,163,140,140,140,140,140,0,20
LIRCMOP7_BC,1,101,138,1,0.29,138,0,0.00397642694189373,0.0111541437586451,138,20,3,0.00722399623095849,23.1884057971014,0.177922309008904,0.28561983567075,0,20,0,20,3,0.144927536231884,0.0142641072897066,0.0181465379787598,0,0.0400557677970687,NaN,1,0.0217798229896869,0.137931034482759,0.0312974848588837,0.0428412094712141,0.15,400,140,680,680,417,263,253,33,100,33,7319,24,165,165,165,165,138,138,138,138,138,0,20
LIRCMOP7_BC,1,102,142,1,0.29,142,0,0.00272717217324149,0.00713197371904481,142,20,3,0.00743338742605873,22.5352112676056,0.178448794246737,0.28561983567075,0,20,0,20,0,0.140845070422535,0.00745919232811009,0.00919081633599954,0,0.00919081633599954,NaN,1,0.0616054767792634,0,0.0110729158427551,0.0161108170902509,0,400,138,676,676,389,287,252,32,100,32,7684,27,155,155,155,155,142,142,142,142,142,0,20
LIRCMOP7_BC,1,103,125,1,0.25,125,0,0.00182208760945035,0.00455558815498415,125,20,3,0.00654347484688269,25.6,0.178448794246737,0.268870298940248,0,20,0,20,18,0.16,0.0130779855533524,0.0168198546506776,0,0.0168198546506776,NaN,0.8,0.00847843237636819,0.08,0.0360167411158161,0.0509746641658965,0.9,400,142,684,684,427,257,255,29,100,29,7318,10,140,140,140,140,125,125,125,125,125,0,20
LIRCMOP7_BC,1,104,125,1,0.25,125,0,0.00165858201037827,0.00496584753935401,125,20,3,0.00654347484688269,25.6,0.203011726783143,0.277757713162135,0,20,0,20,14,0.16,0.0151153310891761,0.0162479551195279,0,0.0162479551195279,NaN,0.65,0.00410574192514124,0.08,0.0309882456896202,0.0425423829371688,0.7,400,125,650,650,415,235,235,31,100,31,5802,14,150,150,150,150,125,125,125,125,125,0,20
LIRCMOP7_BC,1,105,135,1,0.27,135,0,0.00207877820506382,0.00512120209787384,135,20,3,0.0070669528346333,23.7037037037037,0.194225186713465,0.347919532036158,0,20,0,20,1,0.148148148148148,0.00964331415834006,0.013036398623205,0,0.0252371807895672,NaN,0.85,0.00550999857264173,0.0740740740740741,0.0224459992232396,0.0361177276395584,0.05,400,125,650,650,399,251,275,32,100,32,6167,32,159,159,159,159,135,135,135,135,135,0,20
LIRCMOP7_BC,1,106,146,1,0.3,146,0,0.00225514824584861,0.00754423467449291,146,20,3,0.00764277862115898,21.9178082191781,0.194254441482095,0.363425040139359,0,20,0,20,5,0.136986301369863,0.0155168849775413,0.0164937847390888,0,0.0418270997977004,NaN,0.8,0.0168800081878749,0.133333333333333,0.0392359347640651,0.0492781778511514,0.25,400,135,670,670,408,262,289,32,100,32,8458,21,160,160,160,160,146,146,146,146,146,0,20
LIRCMOP7_BC,1,107,152,1,0.31,152,0,0.00263842026541266,0.0078783773767435,152,20,3,0.00795686541380935,21.0526315789474,0.20360898578135,0.342746319650029,0,20,0,20,16,0.131578947368421,0.0220947779946582,0.030271670256551,0,0.0652720291112683,NaN,0.55,0.00211965578077078,0.129032258064516,0.0611026335309108,0.0717544351812733,0.8,400,146,692,692,412,280,294,33,100,33,7498,6,165,165,165,165,152,152,152,152,152,0,20
LIRCMOP7_BC,1,108,156,1,0.32,156,0,0.00223519248275004,0.00620495901011327,156,20,3,0.00816625660890959,20.5128205128205,0.209109444538514,0.377222248085945,0,20,0,20,3,0.128205128205128,0.0223739747615793,0.0315041815059905,0,0.0318883640276965,NaN,0.8,0.0188483385821376,0.0625,0.0227999204756517,0.0320266703899793,0.15,400,152,704,704,427,277,251,36,100,36,7044,10,180,180,180,180,156,156,156,156,156,0,20
LIRCMOP7_BC,1,109,155,1,0.31,155,0,0.00205125587836345,0.00474494240719239,155,20,3,0.00811390881013453,20.6451612903226,0.204962373080174,0.293694378584926,0,20,0,20,0,0.129032258064516,0.01908692074096,0.0264160149114399,0,0.0264160149114399,NaN,0.85,0.0244641666742408,0,0.0192914556148414,0.0266827218743976,0,400,156,712,712,427,285,294,37,100,37,8667,11,185,185,185,185,155,155,155,155,155,0,20
LIRCMOP7_BC,1,110,170,1,0.34,170,0,0.00225973077253992,0.00643717814222551,170,20,3,0.00889912579176046,18.8235294117647,0.235767230899874,0.301797924198974,0,20,0,20,2,0.117647058823529,0.0156077567236266,0.0265421339352189,0,0.026670161294711,NaN,1,0.0319141048876636,0.0588235294117647,0.0158819657588185,0.0268476212125979,0.1,400,155,710,710,417,293,309,40,100,40,8159,4,200,200,200,200,170,170,170,170,170,0,20
LIRCMOP7_BC,1,111,171,1,0.35,171,0,0.00225672124007402,0.00626761188223836,171,20,3,0.00895147359053552,18.7134502923977,0.213326455477828,0.301923307314011,0,20,0,20,2,0.116959064327485,0.0193046779461475,0.0278539782595375,0,0.0282524764379355,NaN,0.6,0.00787652168118669,0.0857142857142857,0.0197773240339013,0.0283001855753164,0.1,400,170,740,740,417,323,286,41,100,41,8883,4,205,205,205,205,171,171,171,171,171,0,20
LIRCMOP7_BC,1,112,190,1,0.38,190,0,0.00213214060997993,0.00577813513306063,190,20,3,0.00994608176726169,16.8421052631579,0.217250862734431,0.313464154815415,0,20,0,20,1,0.105263157894737,0.0150256972655682,0.0239027861748483,0,0.024806130967297,NaN,0.5,0.00244191684890654,0.0526315789473684,0.0157509107219568,0.0248466461923476,0.05,400,171,742,742,426,316,297,44,100,44,9419,1,220,220,220,220,190,190,190,190,190,0,20
LIRCMOP7_BC,1,113,195,1,0.39,195,0,0.00194217231630633,0.0039401906086876,195,20,3,0.010207820761137,16.4102564102564,0.213326455477828,0.329323501983002,0,20,0,20,1,0.102564102564103,0.0144056447653463,0.0234965332599678,0,0.0240831611309287,NaN,0.7,0.0200504342173764,0.0512820512820513,0.0150358695459643,0.0241102183562383,0.05,400,190,780,780,443,337,291,45,100,45,9391,25,225,225,225,225,195,195,195,195,195,0,20
LIRCMOP7_BC,1,114,185,1,0.37,185,0,0.00204202567684645,0.0046648084673506,185,20,3,0.00968434277338638,17.2972972972973,0.241296697615461,0.329323501983002,0,20,0,20,1,0.108108108108108,0.0201687468979467,0.0332630104245429,0,0.033843700973607,NaN,0.45,-0.00858836652084327,0.0540540540540541,0.0207338469182968,0.0338845320798546,0.05,400,195,790,790,429,361,318,43,100,43,10308,2,215,215,215,215,185,185,185,185,185,0,20
LIRCMOP7_BC,1,115,198,1,0.4,198,0,0.00199948595744689,0.00469894670128805,198,20,3,0.0103648641574622,16.1616161616162,0.225770125072377,0.310001900564994,0,20,0,20,4,0.101010101010101,0.0159070829777012,0.0195037105751249,0,0.0302822927500884,NaN,0.6,0.0089255478442293,0.075,0.0248367088947164,0.0350284942000145,0.2,400,185,770,770,419,351,338,44,100,44,10988,29,220,220,220,220,198,198,198,198,198,0,20
LIRCMOP7_BC,1,116,200,1,0.4,200,0,0.00183584742029898,0.00401513729211092,200,20,3,0.0104695597550123,16,0.213228078037548,0.31098505124096,0,20,0,20,1,0.1,0.0287899343449935,0.0301428292189317,0,0.030695080876506,NaN,0.45,-0.0055607467236212,0.05,0.0307694594836436,0.0374336432195772,0.05,400,198,796,796,448,348,333,46,100,46,11682,10,230,230,230,230,200,200,200,200,200,0,20
LIRCMOP7_BC,1,117,215,1,0.43,215,0,0.00221773951621379,0.00555947395303861,215,20,3,0.0112547767366382,14.8837209302326,0.243092928614887,0.313464154815415,0,20,0,20,5,0.0930232558139535,0.013883714538648,0.0170970539150905,0,0.0396359858682499,NaN,0.7,0.033821582791812,0.0697674418604651,0.0341525151417279,0.0457631920545118,0.25,400,200,800,800,434,366,335,47,100,47,12048,11,235,235,235,235,215,215,215,215,215,0,20
LIRCMOP7_BC,1,118,210,1,0.42,210,0,0.00150757359576913,0.0031065978860418,210,20,3,0.0109930377427629,15.2380952380952,0.235191946837558,0.329323501983002,0,20,0,20,12,0.0952380952380952,0.0245368724057665,0.0261436906378846,0,0.0425589516300487,NaN,0.65,0.0120311856583797,0.0714285714285714,0.0413230650089196,0.0544160453484391,0.6,400,215,830,830,473,357,312,48,100,48,10847,22,240,240,240,240,210,210,210,210,210,0,20
LIRCMOP7_BC,1,119,216,1,0.44,216,0,0.00168887012298215,0.00378288546217866,216,20,3,0.0113071245354133,14.8148148148148,0.241296697615461,0.330002204487825,0,20,0,20,11,0.0925925925925926,0.0231412726766271,0.0293132588733431,0,0.0481606693915994,NaN,0.45,-0.0010618730741643,0.113636363636364,0.0448631561888017,0.0577996671764487,0.55,400,210,820,820,452,368,318,50,100,50,11333,15,250,250,250,250,216,216,216,216,216,0,20
LIRCMOP7_BC,1,120,223,1,0.45,223,0,0.00182431413205329,0.00375572638205773,223,20,3,0.0116735591268387,14.3497757847534,0.229087196059654,0.330002204487825,0,20,0,20,14,0.0896860986547085,0.0464047294898909,0.0486770592871688,0,0.0571316954898406,NaN,0.15,-0.0139984609549386,0.0888888888888889,0.059559351459344,0.0697541449820741,0.7,400,216,832,832,468,364,354,51,100,51,12480,16,255,255,255,255,223,223,223,223,223,0,20
LIRCMOP7_BC,1,121,221,1,0.45,221,0,0.00133975785065323,0.00272390511478721,221,20,3,0.0115688635292886,14.4796380090498,0.243092928614887,0.354470725319733,0,20,0,20,13,0.0904977375565611,0.0358630352217129,0.0406640801072414,0,0.0518253864018817,NaN,0.2,-0.0146322206699164,0.0666666666666667,0.0559966361586385,0.0637103246844115,0.65,400,223,846,846,484,362,367,51,100,51,13017,25,255,255,255,255,221,221,221,221,221,0,20
LIRCMOP7_BC,1,122,230,1,0.46,230,0,0.00119227037887906,0.00273133580446264,230,20,3,0.0120399937182641,13.9130434782609,0.230049053271557,0.354470725319733,0,20,0,20,18,0.0869565217391304,0.0540218629688482,0.0581152639425113,0,0.0658789988491469,NaN,0.15,-0.0212491541357168,0.152173913043478,0.070232546229545,0.0792937180702626,0.9,400,221,842,842,471,371,340,53,100,53,12575,53,265,265,265,265,230,230,230,230,230,0,20
LIRCMOP7_BC,1,123,240,1,0.48,240,0,0.0018209778396461,0.00415181560229312,240,20,3,0.0125634717060148,13.3333333333333,0.230049053271557,0.358645465986001,0,20,0,20,13,0.0833333333333333,0.0419037743485353,0.0497278076086848,0,0.0558381019774684,NaN,0.45,-0.00400341776386698,0.0625,0.0606083718088726,0.0660796661669164,0.65,400,230,860,860,479,381,362,54,100,54,13490,2,270,270,270,270,240,240,240,240,240,0,20
LIRCMOP7_BC,1,124,225,1,0.45,225,0,0.00135627361952665,0.00357772979005476,225,20,3,0.0117782547243888,14.2222222222222,0.230239382021973,0.354470725319733,0,20,0,20,20,0.0888888888888889,0.0669862648999999,0.0748780891970622,0,0.0748780891970622,NaN,0.1,-0.0112813134055538,0.0888888888888889,0.0773982372781428,0.0793006406222222,1,400,240,880,880,485,395,356,53,100,53,16413,9,265,265,265,265,225,225,225,225,225,0,20
LIRCMOP7_BC,1,125,212,1,0.43,212,0,0.00106094893796718,0.00331560217979629,212,20,3,0.011097733340313,15.0943396226415,0.226836393609519,0.359487313545803,0,20,0,20,20,0.0943396226415094,0.0980803961965739,0.113561064325075,0,0.113561064325075,NaN,0,-0.0112029717572264,0.0697674418604651,0.108630931706253,0.115221423291086,1,400,225,850,850,463,387,358,52,100,52,18507,17,254,254,254,254,212,212,212,212,212,0,20
LIRCMOP7_BC,1,126,240,1,0.48,240,0,0.00133396104925883,0.00372467360460094,240,20,3,0.0125634717060148,13.3333333333333,0.234249592034843,0.357359815067205,0,20,0,20,18,0.0833333333333333,0.0677644888740791,0.0786630979087932,0,0.0786630979087932,NaN,0.2,-0.00916437644089219,0.0833333333333333,0.078292725771999,0.0819187713101216,0.9,400,212,824,824,454,370,359,57,100,57,13481,15,285,285,285,285,240,240,240,240,240,0,20
LIRCMOP7_BC,1,127,235,1,0.47,235,0,0.00105712848201915,0.00235079252206357,235,20,3,0.0123017327121395,13.6170212765957,0.225766567802617,0.340759620652067,0,20,0,20,20,0.0851063829787234,0.0643888844076329,0.0744843794480072,0,0.0744843794480072,NaN,0.25,-0.0102001202362406,0.127659574468085,0.0780322234545234,0.081038829299855,1,400,240,880,880,481,399,380,54,100,54,17093,4,270,270,270,270,235,235,235,235,235,0,20
LIRCMOP7_BC,1,128,205,1,0.41,205,0,0.000839345056733001,0.00285343264952363,205,20,3,0.0107312987488876,15.609756097561,0.213113846894661,0.318605789687556,0,20,0,20,18,0.0975609756097561,0.0409013950554836,0.05303559612874,0,0.05303559612874,NaN,0.1,-0.00463393001229589,0.0731707317073171,0.0523755807682274,0.0552067489298901,0.9,400,235,870,870,478,392,389,50,100,50,20041,3,250,250,250,250,205,205,205,205,205,0,20
LIRCMOP7_BC,1,129,235,1,0.47,235,0,0.00118049250214483,0.00305179020078336,235,20,3,0.0123017327121395,13.6170212765957,0.244371306587271,0.340890851863718,0,20,0,20,1,0.0851063829787234,0.024214999267953,0.028000595649704,0,0.028000595649704,NaN,0.9,0.00511041443900251,0.0425531914893617,0.0318632872268594,0.0380218129802653,0.05,400,205,810,810,442,368,352,54,100,54,12976,33,270,270,270,270,235,235,235,235,235,0,20
LIRCMOP7_BC,1,130,230,1,0.46,230,0,0.00100322790915645,0.00342478971584725,230,20,3,0.0120399937182641,13.9130434782609,0.228537887815746,0.318605789687556,0,20,0,20,8,0.0869565217391304,0.0237552726966525,0.0337569355769794,0,0.0337569355769794,NaN,0.45,-0.000896931227836545,0.0652173913043478,0.0382673501368145,0.041382028841387,0.4,400,235,870,870,469,401,351,52,100,52,17315,0,260,260,260,260,230,230,230,230,230,0,20
LIRCMOP7_BC,1,131,240,1,0.48,240,0,0.00125345676847571,0.00390363116732398,240,20,3,0.0125634717060148,13.3333333333333,0.233176385322445,0.340881788989655,0,20,0,20,16,0.0833333333333333,0.0553481746323165,0.057131230008881,0,0.0578644021651529,NaN,0.85,0.00406751742559053,0.104166666666667,0.060967415762317,0.0677284368560626,0.8,400,230,860,860,464,396,385,56,100,56,15534,8,280,280,280,280,240,240,240,240,240,0,20
LIRCMOP7_BC,1,132,235,1,0.47,235,0,0.000920206772293589,0.00324884035800545,235,20,3,0.0123017327121395,13.6170212765957,0.238259802047714,0.340759620652067,0,20,0,20,4,0.0851063829787234,0.0340155094937269,0.0406084742100797,0,0.0406084742100797,NaN,0.9,0.00300773735681087,0.0425531914893617,0.0400860872195721,0.0424543446277826,0.2,400,240,880,880,491,389,382,55,100,55,16249,6,275,275,275,275,235,235,235,235,235,0,20
LIRCMOP7_BC,1,133,215,1,0.43,215,0,0.000862858999344156,0.00331271499923211,215,20,3,0.0112547767366382,14.8837209302326,0.213113846894661,0.308505947666504,0,20,0,20,20,0.0930232558139535,0.0627735723068479,0.104973399671512,0,0.131958584074735,NaN,1,0.0218563613709041,0.0930232558139535,0.0917650948776876,0.132037094979973,1,400,235,870,870,478,392,373,52,100,52,16823,1,260,260,260,260,215,215,215,215,215,0,20
LIRCMOP7_BC,1,134,215,1,0.43,215,0,0.00125825052637537,0.0050565067281188,215,20,3,0.0112547767366382,14.8837209302326,0.230239382021973,0.30852571303646,0,20,0,20,13,0.0930232558139535,0.0426668538018574,0.067407603386368,0,0.0954072074895839,NaN,1,0.00859584421942555,0.116279069767442,0.0694923346210601,0.0955310892597108,0.65,400,215,830,830,469,361,367,54,100,54,15402,13,265,265,265,265,215,215,215,215,215,0,20
LIRCMOP7_BC,1,135,197,1,0.41,197,0,0.0011175199604285,0.0043433107426302,197,20,3,0.0103125163586871,16.243654822335,0.212475984957652,0.316589774357337,0,20,0,20,12,0.101522842639594,0.0467643720286619,0.077253972214721,0,0.110421436355047,NaN,0.65,0.00899188959903643,0.121951219512195,0.0656009666731913,0.110494717063773,0.6,400,215,830,830,498,332,372,53,94,47,15982,3,235,235,235,235,197,197,197,197,197,0,20
LIRCMOP7_BC,1,136,230,1,0.46,230,0,0.000837830915210644,0.0036313143874044,230,20,3,0.0120399937182641,13.9130434782609,0.232334584022699,0.318605789687556,0,20,0,20,3,0.0869565217391304,0.0239888769404711,0.0432400979833877,0,0.0628933194422215,NaN,0.6,0.00581891317213812,0.0869565217391304,0.036763842671449,0.0643102876577649,0.15,400,197,794,794,457,337,334,57,100,57,10758,21,280,280,280,280,230,230,230,230,230,0,20
LIRCMOP7_BC,1,137,212,1,0.43,212,0,0.000839481465159408,0.00371260631162389,212,20,3,0.011097733340313,15.0943396226415,0.203385580397232,0.318605789687556,0,20,0,20,4,0.0943396226415094,0.0344893476848322,0.0534227353723452,0,0.063127232316536,NaN,0.55,0.00313080892432904,0.0930232558139535,0.0396870502465586,0.0646931652455582,0.2,400,230,860,860,497,363,378,55,99,54,15508,22,270,270,270,270,212,212,212,212,212,0,20
LIRCMOP7_BC,1,138,210,1,0.42,210,0,0.00103884526948264,0.00341632203191789,210,20,3,0.0109930377427629,15.2380952380952,0.225766567802617,0.328385320337442,0,20,0,20,8,0.0952380952380952,0.0406040278895812,0.0580711647643382,0,0.07345332239953,NaN,0.85,0.00668828952274272,0.119047619047619,0.0447125406705206,0.0736302601612864,0.4,400,212,824,824,476,348,328,56,100,56,13609,17,280,280,280,270,210,210,210,210,210,0,20
LIRCMOP7_BC,1,139,230,1,0.48,230,0,0.00103836543554207,0.00393224501308711,230,20,3,0.0120399937182641,13.9130434782609,0.238259802047714,0.336210563479823,0,20,0,20,2,0.0869565217391304,0.0183904089660284,0.030023702353928,0,0.0329347492813535,NaN,0.9,0.0128137627272633,0.0625,0.0191430799566544,0.0342547139513595,0.1,400,210,820,820,470,350,332,55,100,55,11303,4,275,275,275,275,230,230,230,230,230,0,20
LIRCMOP7_BC,1,140,199,1,0.4,199,0,0.00102867649232553,0.00350296373016673,199,20,3,0.0104172119562372,16.0804020100502,0.225766567802617,0.328385320337442,0,20,0,20,6,0.100502512562814,0.0381343915892295,0.0578449346565115,0,0.0665627126335876,NaN,0.9,0.0119581573993925,0.1,0.0399312381769614,0.0667516784816768,0.3,400,230,860,860,474,386,361,51,94,45,19597,1,225,225,225,220,199,199,199,199,199,0,20
LIRCMOP7_BC,1,141,215,1,0.43,215,0,0.00129399101555763,0.00367248147644893,215,20,3,0.0112547767366382,14.8837209302326,0.230239382021973,0.318605789687556,0,20,0,20,3,0.0930232558139535,0.015960800682859,0.0314925299961417,0,0.0328027374123134,NaN,0.95,0.00976938317154272,0.0930232558139535,0.0162593312667607,0.0345307957293063,0.15,400,199,798,798,456,342,331,52,100,52,12793,0,260,260,260,260,215,215,215,215,215,0,20
LIRCMOP7_BC,1,142,221,1,0.45,221,0,0.000874365292480453,0.00343418394310658,221,20,3,0.0115688635292886,14.4796380090498,0.225766567802617,0.318605789687556,0,20,0,20,3,0.0904977375565611,0.0238673002076388,0.0369835829400533,0,0.042531524533712,NaN,0.85,0.0372586566913793,0.111111111111111,0.0246667032388234,0.0467802447427932,0.15,400,215,830,830,466,364,348,55,100,55,14173,6,275,275,275,275,221,221,221,221,221,0,20
LIRCMOP7_BC,1,143,220,1,0.44,220,0,0.000872534169504921,0.0027035680396266,220,20,3,0.0115165157305135,14.5454545454545,0.230239382021973,0.328385320337442,0,20,0,20,1,0.0909090909090909,0.0229990737445345,0.0346409451215264,0,0.049080134891146,NaN,0.75,0.0123866061004166,0.0454545454545455,0.0296621102817902,0.0536085018649853,0.05,400,221,842,842,467,375,371,56,95,51,15213,12,255,255,255,250,220,220,220,220,220,0,20
LIRCMOP7_BC,1,144,216,1,0.44,216,0,0.000926478058249024,0.00338619762884573,216,20,3,0.0113071245354133,14.8148148148148,0.230067526693406,0.338800151796099,0,20,0,20,2,0.0925925925925926,0.0109905885753403,0.0175029087264833,0,0.0237323311094987,NaN,0.6,0.0146243275967528,0.0909090909090909,0.0154960115918855,0.0327064926349228,0.1,400,220,840,840,469,371,362,55,100,55,13535,30,271,271,271,271,216,216,216,216,216,0,20
LIRCMOP7_BC,1,145,192,1,0.39,192,0,0.0011827136495104,0.00328865017524299,192,20,3,0.0100507773648118,16.6666666666667,0.203385580397232,0.380599662377909,0,20,0,20,4,0.104166666666667,0.0309640084105472,0.0458871609782948,0,0.0458871609782948,NaN,1,0.0209935539078534,0.102564102564103,0.0323205874818816,0.0461187476319076,0.2,400,216,832,832,477,355,345,54,91,45,18829,9,222,222,222,222,192,192,192,192,192,0,20
LIRCMOP7_BC,1,146,200,1,0.4,200,0,0.000925839279940798,0.00266164987922559,200,20,3,0.0104695597550123,16,0.177200208162255,0.380599662377909,0,20,0,20,5,0.1,0.0164828559786357,0.0218901371949377,0,0.0249249724913633,NaN,0.7,0.0136331013487511,0.1,0.0208861001446454,0.0266538071442019,0.25,400,192,784,784,453,331,319,59,89,48,15124,7,240,240,240,240,200,200,200,200,200,0,20
LIRCMOP7_BC,1,147,205,1,0.41,205,0,0.00086165067616335,0.00261830781941732,205,20,3,0.0107312987488876,15.609756097561,0.203385580397232,0.383928832147702,0,20,0,20,6,0.0975609756097561,0.0241379101223027,0.0305380634502182,0,0.0478720354850377,NaN,0.5,-0.00106797295082348,0.0487804878048781,0.0348734792691207,0.0518535137197554,0.3,400,200,800,800,455,345,330,55,92,47,12603,15,235,235,235,235,205,205,205,205,205,0,20
LIRCMOP7_BC,1,148,170,1,0.34,170,0,0.00099250863787004,0.00366316841027279,170,20,3,0.00889912579176046,18.8235294117647,0.209960099819797,0.420025234743761,0,20,0,20,4,0.117647058823529,0.0188940865748436,0.0221497628458323,0,0.0226188866259693,NaN,1,0.0310425213453674,0.117647058823529,0.0210163862771297,0.0238192839780285,0.2,400,205,810,810,466,344,345,52,86,39,17771,8,195,195,195,195,170,170,170,170,170,0,20
LIRCMOP7_BC,1,149,220,1,0.44,220,0,0.000955551085125875,0.0032869245028823,220,20,3,0.0115165157305135,14.5454545454545,0.225766567802617,0.392535517118257,0,20,0,20,3,0.0909090909090909,0.00891660674739448,0.0124710919208579,0,0.0211510190457437,NaN,0.9,0.0270126178347977,0.0454545454545455,0.0134038529558856,0.0297374960707474,0.15,400,170,740,740,425,315,304,58,94,52,9251,16,260,260,260,260,220,220,220,220,220,0,20
LIRCMOP7_BC,1,150,204,1,0.41,204,0,0.00105649251226802,0.00387597751007953,204,20,3,0.0106789509501125,15.6862745098039,0.225766567802617,0.381793247851944,0,20,0,20,2,0.0980392156862745,0.0132742737744941,0.0199299194026709,0,0.029451743085257,NaN,1,0.0327992561836505,0.0975609756097561,0.0184106878596903,0.0327407201071065,0.1,400,220,840,840,462,378,359,57,86,44,20390,0,220,220,220,220,204,204,204,204,204,0,20
LIRCMOP7_BC,1,151,215,1,0.43,215,0,0.000787314584359607,0.0027031949792932,215,20,3,0.0112547767366382,14.8837209302326,0.228019404936319,0.392535517118257,0,20,0,20,3,0.0930232558139535,0.00565488691028729,0.00977062385332688,0,0.0290604852933996,NaN,0.75,0.0384488174657151,0.0465116279069767,0.0158207710851159,0.0340396938506511,0.15,400,204,808,808,451,357,356,57,90,47,13142,7,235,235,235,235,215,215,215,215,215,0,20
LIRCMOP7_BC,1,152,240,1,0.48,240,0,0.000686459196828728,0.00233069809165534,240,20,3,0.0125634717060148,13.3333333333333,0.226892986369468,0.392535517118257,0,20,0,20,1,0.0833333333333333,0.0051546434405816,0.00790350719233489,0,0.0300826264524859,NaN,1,0.0262977743057796,0.0416666666666667,0.0146224795665303,0.0344915019549085,0.05,400,215,830,830,467,363,352,61,92,53,13769,5,265,265,265,265,240,240,240,240,240,0,20
LIRCMOP7_BC,1,153,201,1,0.41,201,0,0.000708885355489991,0.00247482698104137,201,20,3,0.0105219075537874,15.9203980099502,0.243092928614887,0.420998954060499,0,20,0,20,1,0.0995024875621891,0.0084530957355946,0.012350839706904,0,0.0371121487297595,NaN,0.8,0.0505747236659317,0.0487804878048781,0.022128651248051,0.0444328842051017,0.05,400,240,880,880,494,386,354,57,88,45,17836,1,225,225,225,225,201,201,201,201,201,0,20
LIRCMOP7_BC,1,154,184,1,0.37,184,0,0.000723407145280075,0.00225322100504006,184,20,3,0.00963199497461132,17.3913043478261,0.225766567802617,0.392535517118257,0,20,0,20,6,0.108695652173913,0.0189206339365709,0.0243946396654526,0,0.0269444064931064,NaN,0.95,0.049009591010723,0.108108108108108,0.0213089384430377,0.028892852721794,0.3,400,201,802,802,473,329,339,54,84,40,15806,0,200,200,200,200,184,184,184,184,184,0,20
LIRCMOP7_BC,1,155,205,1,0.41,205,0,0.000774692009444603,0.00256238799674849,205,20,3,0.0107312987488876,15.609756097561,0.225766567802617,0.392535517118257,0,20,0,20,2,0.0975609756097561,0.00668943534248926,0.0108691157114812,0,0.0257909022999145,NaN,1,0.0627409897046606,0.0487804878048781,0.0134208962227238,0.0326598751941267,0.1,400,184,768,768,443,325,300,60,84,46,13432,18,226,226,226,226,205,205,205,205,205,0,20
LIRCMOP7_BC,1,156,160,1,0.32,160,0,0.000603871848354525,0.00215151826819574,160,20,3,0.00837564780400984,20,0.231120886986367,0.422459533035606,0,20,0,20,2,0.125,0.0147605934427023,0.0182887936549098,0,0.0226774716183095,NaN,1,0.06300815084353,0.0625,0.0247939107095839,0.0265529738341368,0.1,400,205,810,810,474,336,311,50,78,37,19896,11,178,178,178,178,160,160,160,160,160,0,20
LIRCMOP7_BC,1,157,165,1,0.33,165,0,0.000624489860636717,0.00188244336204184,165,20,3,0.00863738679788515,19.3939393939394,0.241729275666124,0.420025234743761,0,20,0,20,2,0.121212121212121,0.0140890145664301,0.0167689714783506,0,0.0174718420600945,NaN,1,0.0613640782500742,0.0606060606060606,0.0146272116904535,0.017526154733829,0.1,400,160,720,720,429,291,299,52,74,37,14036,1,185,185,185,185,165,165,165,165,165,0,20
LIRCMOP7_BC,1,158,155,1,0.31,155,0,0.000670765494471671,0.00206974138425337,155,20,3,0.00811390881013453,20.6451612903226,0.225766567802617,0.420025234743761,0,20,0,20,2,0.129032258064516,0.0033388513051665,0.00401647167321366,0,0.0182131782496334,NaN,1,0.0301290153500891,0.0645161290322581,0.0177422916299868,0.0220030907575393,0.1,400,165,730,730,432,298,315,53,74,36,16253,18,165,165,165,165,155,155,155,155,155,0,20
LIRCMOP7_BC,1,159,126,1,0.26,126,0,0.000529956466827971,0.00236537565481305,126,20,3,0.00659582264565775,25.3968253968254,0.206311139199281,0.403205501504002,0,20,0,20,1,0.158730158730159,0.0285971740885991,0.0342929798145237,0,0.0342929798145237,NaN,1,0.0578437943608538,0.0769230769230769,0.0308402838340217,0.0354265469008178,0.05,400,155,710,710,456,254,314,51,68,30,17857,6,140,140,140,140,126,126,126,126,126,0,20
LIRCMOP7_BC,1,160,157,1,0.32,157,0,0.000558660419784815,0.0020905347868054,157,20,3,0.00821860440768466,20.3821656050955,0.206311139199281,0.422459533035606,0,20,0,20,4,0.127388535031847,0.00170822164666946,0.00620748924724621,0,0.0200728965156438,NaN,1,0.0381477591431592,0.0625,0.0213714194841335,0.0229164522946327,0.2,400,126,652,652,427,225,298,55,81,39,8458,11,179,179,179,179,157,157,157,157,157,0,20
LIRCMOP7_BC,1,161,176,1,0.36,176,0,0.000632835591000042,0.00251611025174295,176,20,3,0.00921321258441083,18.1818181818182,0.241729275666124,0.422459533035606,0,20,0,20,1,0.113636363636364,0.010741727526626,0.0188683597332145,0,0.0188683597332145,NaN,0.9,0.0328411190777686,0.0555555555555556,0.0189101673102298,0.0209545718918159,0.05,400,157,714,714,459,255,287,53,82,41,11148,3,193,193,193,193,176,176,176,176,176,0,20
LIRCMOP7_BC,1,162,130,1,0.26,130,0,0.000613318068897385,0.0020473710454696,130,20,3,0.006805213840758,24.6153846153846,0.237852590686452,0.403205501504002,0,20,0,20,6,0.153846153846154,0.0197939965178988,0.0235278451563078,0,0.0241030521195358,NaN,1,0.0639559535435071,0.0769230769230769,0.0201761968670749,0.0245188497909816,0.3,400,176,752,752,484,268,300,51,68,32,20517,9,148,148,148,148,130,130,130,130,130,0,20
LIRCMOP7_BC,1,163,155,1,0.31,155,0,0.000599903545714044,0.00213515931127096,155,20,3,0.00811390881013453,20.6451612903226,0.241729275666124,0.422459533035606,0,20,0,20,2,0.129032258064516,0.00665225790371898,0.0165028337114165,0,0.0193825680208606,NaN,0.9,0.0492776116703565,0.0645161290322581,0.0213441671616422,0.0227427835245419,0.1,400,130,660,660,421,239,246,51,68,36,10891,2,180,180,180,180,155,155,155,155,155,0,20
LIRCMOP7_BC,1,164,180,1,0.36,180,0,0.000612683734571193,0.00273931771201559,180,20,3,0.00942260377951107,17.7777777777778,0.244084269523664,0.403205501504002,0,20,0,20,5,0.111111111111111,0.0356046235267951,0.0383722050539912,0,0.0389881227422963,NaN,1,0.045882927567425,0.0555555555555556,0.0382822913327951,0.0412585319650947,0.25,400,155,710,710,462,248,299,55,72,42,12416,20,205,205,205,200,180,180,180,180,180,0,20
LIRCMOP7_BC,1,165,140,1,0.28,140,0,0.000576190305690306,0.00187094915292375,140,20,3,0.00732869182850861,22.8571428571429,0.237852590686452,0.403205501504002,0,20,0,20,1,0.142857142857143,0.00834992709586586,0.0103646191474095,0,0.0195239432073929,NaN,1,0.0445688550190957,0.0714285714285714,0.0148608877067676,0.0209883259956023,0.05,400,180,760,760,484,276,357,47,66,32,21189,28,155,155,155,155,140,140,140,140,140,0,20
LIRCMOP7_BC,1,166,125,1,0.25,125,0,0.000515678817925545,0.00186009918162488,125,20,3,0.00654347484688269,25.6,0.246439263381204,0.422459533035606,0,20,0,20,3,0.16,0.00723547536652694,0.0153798323080087,0,0.0164631954940455,NaN,1,0.0543746972569011,0.08,0.00767702596627035,0.0187516948278139,0.15,400,140,680,680,442,238,271,45,69,30,13447,44,142,142,142,142,125,125,125,125,125,0,20
LIRCMOP7_BC,1,167,120,1,0.24,120,0,0.000479065644583519,0.0019976677451413,120,20,3,0.00628173585300738,26.6666666666667,0.204026708552083,0.403205501504002,0,20,0,20,2,0.166666666666667,0.0237521064938077,0.036659286173812,0,0.0422068922587277,NaN,0.9,0.0209950459231986,0.0833333333333333,0.0357107303629534,0.0426502155168207,0.1,400,125,650,650,429,221,290,48,65,30,12972,21,142,142,142,142,120,120,120,120,120,0,20
LIRCMOP7_BC,1,168,133,1,0.28,133,0,0.000552856508396887,0.0022489120907247,133,20,3,0.00696225723708318,24.0601503759398,0.279383876082599,0.440680194221261,0,20,0,20,0,0.150375939849624,0.00650570147827874,0.00847730098259348,0,0.0202097816012624,NaN,1,0.0656075446994834,0,0.017258498908284,0.0219891687601301,0,400,120,640,640,431,209,241,51,76,35,8395,28,165,165,165,160,133,133,133,133,133,0,20
LIRCMOP7_BC,1,169,118,1,0.25,118,0,0.00056741923402399,0.00277692130688193,118,20,3,0.00617704025545726,27.1186440677966,0.244911186093126,0.403205501504002,0,20,0,20,6,0.169491525423729,0.0362100579365586,0.0388066847103498,0,0.0389446920892191,NaN,0.9,0.0170273360643545,0.16,0.0368135070389211,0.0394677398638744,0.3,400,133,666,666,434,232,294,50,61,28,17020,2,130,130,130,130,118,118,118,118,118,0,20
LIRCMOP7_BC,1,170,164,1,0.34,164,0,0.000683690112428231,0.00323127612953703,164,20,3,0.00858503899911009,19.5121951219512,0.274865364604347,0.390838639931699,0,20,0,20,9,0.121951219512195,0.00500867961189696,0.0169124253141456,0,0.0184462939682161,NaN,0.6,0.0254243010039288,0.147058823529412,0.00879320024844136,0.022341171523295,0.45,400,118,636,636,414,222,264,53,79,38,7802,7,188,188,188,188,164,164,164,164,164,0,20
LIRCMOP7_BC,1,171,160,1,0.32,160,0,0.000549211050215343,0.00261190161318812,160,20,3,0.00837564780400984,20,0.284519332859575,0.430523443648748,0,20,0,20,11,0.125,0.0365991168384782,0.0521689582050752,0,0.0521689582050752,NaN,1,0.0369411454012603,0.125,0.0385264282643447,0.055147775476621,0.55,400,164,728,728,465,263,287,50,79,39,12036,1,195,195,195,195,160,160,160,160,160,0,20
LIRCMOP7_BC,1,172,167,1,0.35,167,0,0.00052019842598491,0.00335855941314063,167,20,3,0.00874208239543527,19.1616766467066,0.283658211091645,0.403205501504002,0,20,0,20,3,0.119760479041916,0.0181967610828637,0.0246325484320524,0,0.0251584147685038,NaN,0.6,0.0385012092935473,0.0571428571428571,0.0187289256197665,0.026930998108996,0.15,400,160,720,720,457,263,298,53,75,40,14159,10,200,200,200,200,167,167,167,167,167,0,20
LIRCMOP7_BC,1,173,155,1,0.31,155,0,0.000557342863716123,0.00242115278557176,155,20,3,0.00811390881013453,20.6451612903226,0.27327838519181,0.403205501504002,0,20,0,20,4,0.129032258064516,0.011795885460893,0.0202324535634133,0,0.0274855611370707,NaN,1,0.0548761798492637,0.0645161290322581,0.0183674992610987,0.0311586355714626,0.2,400,167,734,734,441,293,285,47,74,37,14986,19,185,185,185,185,155,155,155,155,155,0,20
LIRCMOP7_BC,1,174,155,1,0.31,155,0,0.000534542138809166,0.00266951989182456,155,20,3,0.00811390881013453,20.6451612903226,0.27327838519181,0.403205501504002,0,20,0,20,6,0.129032258064516,0.018787423631097,0.0245360607918945,0,0.0256482701032418,NaN,0.8,0.031393178403334,0.129032258064516,0.019239574089345,0.0274361891868551,0.3,400,155,710,710,444,266,315,50,75,38,14432,16,190,190,190,190,155,155,155,155,155,0,20
LIRCMOP7_BC,1,175,140,1,0.29,140,0,0.00049137924967578,0.00226528674774782,140,20,3,0.00732869182850861,22.8571428571429,0.274865364604347,0.452728706330552,0,20,0,20,3,0.142857142857143,0.00706461203439815,0.010376727202857,0,0.0170234373439512,NaN,1,0.0685443041537803,0.103448275862069,0.00985814468879755,0.0188656830181315,0.15,400,155,710,710,447,263,290,50,72,35,13674,8,170,170,170,170,140,140,140,140,140,0,20
LIRCMOP7_BC,1,176,142,1,0.29,142,0,0.000528568373166049,0.00176818846307776,142,20,3,0.00743338742605873,22.5352112676056,0.274865364604347,0.40593008893282,0,20,0,20,3,0.140845070422535,0.0142525797906661,0.0153466860336609,0,0.0158744820071967,NaN,1,0.0540050911155923,0.103448275862069,0.0147513771665283,0.0158829179352374,0.15,400,140,680,680,444,236,280,48,67,33,12383,2,160,160,160,160,142,142,142,142,142,0,20
LIRCMOP7_BC,1,177,131,1,0.27,131,0,0.000479826220533305,0.00161464993880239,131,20,3,0.00685756163953306,24.4274809160305,0.274865364604347,0.40593008893282,0,20,0,20,3,0.152671755725191,0.00441685054557067,0.00861794537471555,0,0.0233140030966029,NaN,1,0.0769325808739862,0.148148148148148,0.0144664882309218,0.0267885553866907,0.15,400,142,684,684,449,235,283,49,68,33,11798,6,160,160,160,160,131,131,131,131,131,0,20
LIRCMOP7_BC,1,178,160,1,0.32,160,0,0.000536099344331702,0.00202228214854539,160,20,3,0.00837564780400984,20,0.274071874898078,0.40593008893282,0,20,0,20,4,0.125,0.00891564422384833,0.0124097323434752,0,0.0145733393775075,NaN,1,0.0417097904151812,0.15625,0.0104558764977094,0.0147592014866947,0.2,400,131,662,662,429,233,280,55,63,34,11079,0,170,170,170,170,160,160,160,160,160,0,20
LIRCMOP7_BC,1,179,166,1,0.34,166,0,0.000619930858825349,0.00234803010055981,166,20,3,0.00868973459666021,19.2771084337349,0.287790024967626,0.420025234743761,0,20,0,20,1,0.120481927710843,0.0123444752476584,0.0143030634580177,0,0.0309496103466331,NaN,0.45,-0.00541265364249979,0.0588235294117647,0.0233504677433146,0.0316588408127667,0.05,400,160,720,720,463,257,299,59,70,39,11317,2,193,193,193,193,166,166,166,166,166,0,20
LIRCMOP7_BC,1,180,172,1,0.35,172,0,0.000736269402473978,0.00321783514754234,172,20,3,0.00900382138931058,18.6046511627907,0.30852571303646,0.420025234743761,0,20,0,20,0,0.116279069767442,0.00713028944897801,0.00848360625609444,0,0.0211068107471384,NaN,0.65,0.0129347241799765,0,0.0215735525865221,0.0235532686723349,0,400,166,732,732,450,282,276,55,78,41,12134,9,195,195,195,195,172,172,172,172,172,0,20
LIRCMOP7_BC,1,181,182,1,0.37,182,0,0.00071378943631454,0.00343339012001824,182,20,3,0.00952729937706119,17.5824175824176,0.302048907036826,0.440680194221261,0,20,0,20,0,0.10989010989011,0.00980506691810887,0.0116041669958019,0,0.0244884371371261,NaN,0.45,-0.00719836602230789,0,0.0168702622065891,0.0251875293228637,0,400,172,744,744,461,283,342,57,71,40,13827,10,200,200,200,200,182,182,182,182,182,0,20
LIRCMOP7_BC,1,182,167,1,0.34,167,0,0.000696018003442006,0.00253935757831665,167,20,3,0.00874208239543527,19.1616766467066,0.32716904392738,0.453598291469061,0,20,0,20,3,0.119760479041916,0.0240898288995537,0.0427734246370926,0,0.0640844485095439,NaN,1,0.105497189632516,0.117647058823529,0.0393407024180077,0.0662237204415671,0.15,400,182,764,764,473,291,331,55,72,38,18902,0,187,187,187,187,167,167,167,167,167,0,20
LIRCMOP7_BC,1,183,179,1,0.37,179,0,0.000619382024859756,0.00290815913532631,179,20,3,0.00937025598073601,17.877094972067,0.30852571303646,0.454054515570442,0,20,0,20,1,0.111731843575419,0.00499115277630861,0.0202915996538299,0,0.0364676255670889,NaN,0.95,0.0904717576207084,0.0540540540540541,0.023025888399172,0.0411854718117702,0.05,400,167,734,734,465,269,316,55,74,40,14617,2,193,193,193,193,179,179,179,179,179,0,20
LIRCMOP7_BC,1,184,158,1,0.32,158,0,0.000760339925307789,0.00329396772158457,158,20,3,0.00827095220645972,20.253164556962,0.302048907036826,0.439377568892789,0,20,0,20,5,0.126582278481013,0.0250691562761381,0.0574624854294664,0,0.0582453176479751,NaN,0.95,0.104590087382776,0.125,0.0293125912932708,0.0585838972979047,0.25,400,179,758,758,466,292,325,53,66,35,19641,0,175,175,175,175,158,158,158,158,158,0,20
LIRCMOP7_BC,1,185,184,1,0.37,184,0,0.000713741500340269,0.00359366423633114,184,20,3,0.00963199497461132,17.3913043478261,0.283658211091645,0.454054515570442,0,20,0,20,2,0.108695652173913,0.012110216197623,0.0453292231771551,0,0.0537935903299469,NaN,1,0.134677802306758,0.0810810810810811,0.0198517113969806,0.0549560314998248,0.1,400,158,716,716,444,272,303,56,76,41,12564,1,205,205,205,205,184,184,184,184,184,0,20
LIRCMOP7_BC,1,186,145,1,0.29,145,0,0.000754949350454853,0.00299409109372183,145,20,3,0.00759043082238392,22.0689655172414,0.305218619705053,0.454054515570442,0,20,0,20,6,0.137931034482759,0.0331602184692044,0.050932967354632,0,0.0531575558598774,NaN,1,0.0778583058145092,0.137931034482759,0.0373138909007082,0.0540033894657404,0.3,400,184,768,768,465,303,341,55,68,36,20267,12,174,174,174,164,145,145,145,145,145,0,20
LIRCMOP7_BC,1,187,174,1,0.35,174,0,0.00117825545136138,0.00503887627313915,174,20,3,0.0091085169868607,18.3908045977011,0.327165609048464,0.439377568892789,0,20,0,20,11,0.114942528735632,0.0264010664744595,0.056226016942749,0,0.097399255365409,NaN,0.95,0.0659504793554075,0.142857142857143,0.0477207774178244,0.0983357174297128,0.55,400,145,690,690,430,260,303,57,74,38,13458,13,183,183,183,183,174,174,174,174,174,0,20
LIRCMOP7_BC,1,188,153,1,0.32,153,0,0.000969712577063537,0.00412994243759867,153,20,3,0.00800921321258441,20.9150326797386,0.32716904392738,0.437498394725949,0,20,0,20,0,0.130718954248366,0.0084398472858857,0.0200615703337909,0,0.0276276646183989,NaN,0.8,0.0998110524116599,0,0.0106090582118308,0.0276282122957292,0,400,174,748,748,468,280,312,52,70,34,17169,12,170,170,170,170,153,153,153,153,153,0,20
LIRCMOP7_BC,1,189,169,1,0.34,169,0,0.000674866017399409,0.00340834172951844,169,20,3,0.0088467779929854,18.9349112426036,0.30852571303646,0.439377568892789,0,20,0,20,2,0.118343195266272,0.0227885315111193,0.0327995507749699,0,0.0378545133842238,NaN,0.9,0.0775715549129623,0.0588235294117647,0.0304922613223521,0.0386826456986898,0.1,400,153,706,706,447,259,320,57,78,40,12339,26,184,184,184,184,169,169,169,169,169,0,20
LIRCMOP7_BC,1,190,110,1,0.22,110,0,0.000567029126423505,0.0024899702806228,110,20,3,0.00575825786525677,29.0909090909091,0.318190185927176,0.439377568892789,0,20,0,20,0,0.181818181818182,0.00797658040842708,0.0163836656245628,0,0.0472109131443222,NaN,0.8,0.0648300622577085,0,0.0342960016830029,0.0478140857533142,0,400,169,738,738,459,279,331,53,50,24,21823,0,120,120,120,120,110,110,110,110,110,0,20
LIRCMOP7_BC,1,191,136,1,0.28,136,0,0.00103062726854092,0.00467969545215026,136,20,3,0.00711930063340837,23.5294117647059,0.30852571303646,0.457755944038053,0,20,0,20,2,0.147058823529412,0.0161183904576421,0.0418851675811591,0,0.0425339472195714,NaN,1,0.0640101968016095,0.142857142857143,0.0169861087709442,0.042951629658275,0.1,400,110,620,620,420,200,252,51,69,31,7574,8,146,146,146,146,136,136,136,136,136,0,20
LIRCMOP7_BC,1,192,120,1,0.24,120,0,0.000628268305393897,0.00257130074835282,120,20,3,0.00628173585300738,26.6666666666667,0.324846259466256,0.439377568892789,0,20,0,20,3,0.166666666666667,0.0213549224394722,0.0356406077203884,0,0.054135630035596,NaN,0.9,0.122529766122511,0.0833333333333333,0.0354807478020781,0.0543027757242294,0.15,400,136,672,672,441,231,291,53,65,29,12206,0,139,139,139,139,120,120,120,120,120,0,20
LIRCMOP7_BC,1,193,100,1,0.2,100,0,0.000540578143130663,0.0027141001866237,100,20,3,0.00523477987750615,32,0.322459534850093,0.448566756465421,0,20,0,20,0,0.2,0.0100386717095735,0.0235210324794571,0,0.0401427600244741,NaN,1,0.0834606955053744,0,0.0293870489801804,0.0404842032562096,0,400,120,640,640,422,218,288,54,61,28,15281,14,120,120,120,120,100,100,100,100,100,0,20
LIRCMOP7_BC,1,194,142,1,0.29,142,0,0.00117141598998752,0.00579681494805477,142,20,3,0.00743338742605873,22.5352112676056,0.30852571303646,0.462643363583178,0,20,0,20,9,0.140845070422535,0.0455752223959773,0.0797558563604433,0,0.0832722283441897,NaN,1,0.108370838671786,0.172413793103448,0.0491635639345763,0.0833921180456624,0.45,400,100,600,600,402,198,252,54,72,34,7558,14,152,152,152,152,142,142,142,142,142,0,20
LIRCMOP7_BC,1,195,142,1,0.29,142,0,0.000635355064903235,0.00372976823214078,142,20,3,0.00743338742605873,22.5352112676056,0.327162174169548,0.439377568892789,0,20,0,20,5,0.140845070422535,0.0237583251849511,0.0728716360410476,0,0.0742381301907561,NaN,0.95,0.0321998477614366,0.206896551724138,0.0287252152874519,0.0743657109176438,0.25,400,142,684,684,443,241,287,54,75,33,11199,13,153,153,153,153,142,142,142,142,142,0,20
LIRCMOP7_BC,1,196,140,1,0.28,140,0,0.000516295910466408,0.00363026407355594,140,20,3,0.00732869182850861,22.8571428571429,0.324724955894244,0.424569732541576,0,20,0,20,5,0.142857142857143,0.0254211562126423,0.071655218424998,0,0.0726304071254441,NaN,0.75,0.0419963996432218,0.214285714285714,0.0315830806709178,0.0728582473246965,0.25,400,142,684,684,452,232,288,52,73,33,10455,12,162,162,162,162,140,140,140,140,140,0,20
LIRCMOP7_BC,1,197,125,1,0.25,125,0,0.000415627678095151,0.0024126951764482,125,20,3,0.00654347484688269,25.6,0.337789940041673,0.422283462113092,0,20,0,20,0,0.16,0.00818773494391028,0.0237523591526997,0,0.0273686741950642,NaN,0.7,0.0391678961920619,0,0.0167350792140567,0.0274485987916238,0,400,140,680,680,446,234,252,50,68,30,13655,12,144,144,144,144,125,125,125,125,125,0,20
LIRCMOP7_BC,1,198,151,1,0.31,151,0,0.000973622664292426,0.00514392570688573,151,20,3,0.00790451761503429,21.1920529801325,0.337789940041673,0.423197970284486,0,20,0,20,11,0.132450331125828,0.0442474256349696,0.0945292301851046,0,0.094579816814237,NaN,0.85,0.0242705089381164,0.193548387096774,0.045003324623989,0.0951934433262395,0.55,400,125,650,650,410,240,264,52,78,36,8347,21,167,167,167,167,151,151,151,151,151,0,20
LIRCMOP7_BC,1,199,100,1,0.2,100,0,0.000405811894720201,0.00182454460815133,100,20,3,0.00523477987750615,32,0.30850143977816,0.422208920483473,0,20,0,20,0,0.2,0.00456095708306416,0.0177215183733496,0,0.0278759370601661,NaN,0.85,0.0286692902275383,0,0.0202247041749816,0.0282532726244115,0,400,151,702,702,449,253,281,44,62,26,19650,5,125,125,125,125,100,100,100,100,100,0,20
LIRCMOP7_BC,1,200,161,1,0.33,161,0,0.00133730110619855,0.00667782008714354,161,20,3,0.0084279956027849,19.8757763975155,0.299493415626485,0.424569732541576,0,20,0,20,10,0.124223602484472,0.0753179329184693,0.15471699179002,0,0.160626049864386,NaN,0.9,0.0238673890875056,0.151515151515152,0.0822663655588859,0.160710851820726,0.5,400,100,600,600,385,215,240,53,83,40,5733,34,191,191,191,191,161,161,161,161,161,0,20
LIRCMOP7_BC,1,201,140,1,0.28,140,0,0.000629055732237359,0.00341291053610779,140,20,3,0.00732869182850861,22.8571428571429,0.326429018951853,0.410316231884554,0,20,0,20,1,0.142857142857143,0.0138961915313598,0.0475270883942446,0,0.0514176069457412,NaN,0.7,0.0257506602237787,0.0714285714285714,0.0239236775322936,0.0517922428069077,0.05,400,161,722,722,453,269,311,53,80,36,11890,2,177,177,177,177,140,140,140,140,140,0,20
LIRCMOP7_BC,1,202,174,1,0.36,174,0,0.00131481039373208,0.00863850640065287,174,20,3,0.0091085169868607,18.3908045977011,0.293350439257404,0.405040272074157,0,20,0,20,5,0.114942528735632,0.0183569646761755,0.0726522074566425,0,0.0741015472695606,NaN,0.8,0.0308020415147062,0.111111111111111,0.0240287924158291,0.0742389537261998,0.25,400,140,680,680,440,240,257,55,84,41,7926,12,195,195,195,195,174,174,174,174,174,0,20
LIRCMOP7_BC,1,203,120,1,0.24,120,0,0.000662644824493668,0.00374015301678251,120,20,3,0.00628173585300738,26.6666666666667,0.357391837663609,0.439377568892789,0,20,0,20,0,0.166666666666667,0.00663473385908843,0.0220242963144211,0,0.0285482808403109,NaN,0.75,0.0396921517177038,0,0.022738510882233,0.0288368091962196,0,400,174,748,748,470,278,320,51,71,32,18882,9,155,155,155,150,120,120,120,120,120,0,20
LIRCMOP7_BC,1,204,131,1,0.27,131,0,0.000663603690870549,0.00260743577806943,131,20,3,0.00685756163953306,24.4274809160305,0.338800151796099,0.457755944038053,0,20,0,20,4,0.152671755725191,0.0149621737626651,0.0337722066189368,0,0.0367129953667185,NaN,0.85,0.0364333977473396,0.148148148148148,0.0150964462336784,0.0368823003680192,0.2,400,120,640,640,426,214,255,52,77,34,7172,18,163,163,163,163,131,131,131,131,131,0,20
LIRCMOP7_BC,1,205,135,1,0.27,135,0,0.000610659500530105,0.00234731929653522,135,20,3,0.0070669528346333,23.7037037037037,0.359778598922155,0.457755944038053,0,20,0,20,2,0.148148148148148,0.0152301464916226,0.0451824926833348,0,0.052871365346133,NaN,0.75,0.0319529237155596,0.148148148148148,0.0219887693907117,0.0529997919129037,0.1,400,131,662,662,436,226,275,54,75,34,9751,29,161,161,161,161,135,135,135,135,135,0,20
LIRCMOP7_BC,1,206,105,1,0.21,105,0,0.00042121926978842,0.00160121597685779,105,20,3,0.00549651887138146,30.4761904761905,0.359778598922155,0.439377568892789,0,20,0,20,0,0.19047619047619,0.00646166974154023,0.0287443636234041,0,0.0373269422284147,NaN,0.8,0.0248888044949067,0,0.0193917059538225,0.0374595914422149,0,400,135,670,670,440,230,294,54,69,30,11883,12,138,138,138,138,105,105,105,105,105,0,20
LIRCMOP7_BC,1,207,122,1,0.25,122,0,0.000559997383180012,0.00305264350649882,122,20,3,0.0063864314505575,26.2295081967213,0.359778598922155,0.450958561435853,0,20,0,20,4,0.163934426229508,0.0236353953691147,0.0698528035420851,0,0.0782717336663218,NaN,0.85,0.0294521682228015,0.2,0.0405224397236409,0.0785241291380516,0.2,400,105,610,610,411,199,261,55,71,32,7071,2,147,147,147,147,122,122,122,122,122,0,20
LIRCMOP7_BC,1,208,117,1,0.24,117,0,0.000570315524045767,0.00438098248004509,117,20,3,0.0061246924566822,27.3504273504273,0.338800151796099,0.410316231884554,0,20,0,20,7,0.170940170940171,0.0237541199953196,0.0556501187045413,0,0.0556501187045413,NaN,0.65,0.0214588170781111,0.0833333333333333,0.0271961573267567,0.056909428512512,0.35,400,122,644,644,429,215,284,54,67,30,10979,4,143,143,143,143,117,117,117,117,117,0,20
LIRCMOP7_BC,1,209,104,1,0.21,104,0,0.000538760873597472,0.00363592407325897,104,20,3,0.0054441710726064,30.7692307692308,0.357222658290004,0.413222365585378,0,20,0,20,10,0.192307692307692,0.0291562122804797,0.0703340763903085,0,0.0711011840522888,NaN,1,0.078472195926815,0.0952380952380952,0.0298098415283719,0.0712783066642161,0.5,400,117,634,634,421,213,260,56,60,29,11740,9,134,134,134,134,104,104,104,104,104,0,20
LIRCMOP7_BC,1,210,121,1,0.25,121,0,0.000730866067860679,0.00436058385355038,121,20,3,0.00633408365178244,26.4462809917355,0.337789940041673,0.410316231884554,0,20,0,20,3,0.165289256198347,0.0174178975093874,0.056979923388039,0,0.0583992009112018,NaN,0.7,0.0230056896100307,0.16,0.0266680113302197,0.0587138876532005,0.15,400,104,608,608,401,207,256,56,62,29,9365,15,140,140,140,140,121,121,121,121,121,0,20
LIRCMOP7_BC,1,211,145,1,0.3,145,0,0.000758118672125406,0.00559362084426543,145,20,3,0.00759043082238392,22.0689655172414,0.317792436567413,0.410316231884554,0,20,0,20,1,0.137931034482759,0.00666400585672163,0.0283104598262513,0,0.0382801934643714,NaN,0.8,0.0171360090308386,0.0666666666666667,0.0210994895100807,0.0386792228495256,0.05,400,121,642,642,443,199,265,56,71,34,6561,12,162,162,162,162,145,145,145,145,145,0,20
LIRCMOP7_BC,1,212,90,1,0.18,90,0,0.000448157753901649,0.00184326316770233,90,20,3,0.00471130188975554,35.5555555555556,0.327791188304543,0.405040272074157,0,19,1,20,0,0.222222222222222,0.00877633889395139,0.0256824222951189,0,0.0402150160326453,NaN,0.55,0.00800591519244245,0,0.0204220085024666,0.0406440866727181,0,400,145,690,690,464,226,309,59,41,21,17023,0,105,105,105,105,90,90,90,90,90,0,20
LIRCMOP7_BC,1,213,65,1,0.13,65,0,0.000304677452136283,0.00123754571845423,65,20,3,0.003402606920379,49.2307692307692,0.337789940041673,0.403205501504002,0.964069049916096,14,6,20,0,0.307692307692308,0.00400005184794531,0.00816279460489758,0,0.00929100429480726,NaN,0.95,0.0433029427825541,0,0.00745385772575484,0.0160552013134406,0,400,90,580,580,414,166,233,58,38,18,11713,8,85,85,85,85,65,65,65,65,65,0,20
LIRCMOP7_BC,1,214,66,1,0.14,66,0,0.000286555821312461,0.00124826849818291,66,20,3,0.00345495471915406,48.4848484848485,0.337789940041673,0.403205501504002,0.958724712566154,13,7,20,1,0.303030303030303,0.00744346982527974,0.0149810614363601,0,0.0149810614363601,NaN,0.9,0.0616970855257817,0.142857142857143,0.010675480649933,0.0167477487877923,0.05,400,65,530,530,382,148,208,54,38,18,7984,15,80,80,80,80,66,66,66,66,66,0,20
LIRCMOP7_BC,1,215,67,1,0.14,67,0,0.000245523928208315,0.00138416688890428,67,20,3,0.00350730251792912,47.7611940298507,0.337789940041673,0.403205501504002,0.698518134371649,16,4,20,3,0.298507462686567,0.0093602613905787,0.0326456036270435,0,0.0487208975789352,NaN,0.85,0.0125214319078572,0.214285714285714,0.0244688689202071,0.0493747433597443,0.15,400,66,532,532,386,146,228,56,40,22,7175,9,95,95,95,95,67,67,67,67,67,0,20
LIRCMOP7_BC,1,216,65,1,0.13,65,0,0.000267171857908651,0.00113740649501206,65,20,3,0.003402606920379,49.2307692307692,0.337789940041673,0.403205501504002,0.799341272864251,16,4,20,1,0.307692307692308,0.00427226941208119,0.0105724484399913,0,0.0166783561338431,NaN,0.7,0.0137875054254469,0.153846153846154,0.0161707798434042,0.0180959285750187,0.05,400,67,534,534,389,145,202,52,33,18,7329,6,90,90,90,90,65,65,65,65,65,0,20
LIRCMOP7_BC,1,217,65,1,0.13,65,0,0.000250312627063999,0.00111489697133326,65,20,3,0.003402606920379,49.2307692307692,0.338800151796099,0.410316231884554,0.561603121841917,18,2,20,0,0.307692307692308,0.00895094820627646,0.0136526911263942,0,0.0225789080269574,NaN,0.3,-0.00716249142627112,0,0.0153246031557598,0.0238908846506042,0,400,65,530,530,390,140,215,55,41,21,6477,4,95,95,95,95,65,65,65,65,65,0,20
LIRCMOP7_BC,1,218,80,1,0.16,80,0,0.000365435707277222,0.00258071614486851,80,20,3,0.00418782390200492,40,0.349289375359127,0.439377568892789,0.244782084338994,18,2,20,1,0.25,0.00696875623071692,0.0208637951580229,0,0.0303595176174316,NaN,0.9,0.0338602192058475,0.125,0.0203438417623985,0.0315981712290091,0.05,400,65,530,530,382,148,233,59,47,24,6349,39,102,102,102,102,80,80,80,80,80,0,20
LIRCMOP7_BC,1,219,76,1,0.16,76,0,0.000324317691577243,0.00315019333430421,76,20,3,0.00397843270690468,42.1052631578947,0.337789940041673,0.410316231884554,0,19,1,20,1,0.263157894736842,0.0158762447492038,0.0367652687644882,0,0.0446548646987577,NaN,0.9,0.025584716131469,0.125,0.0290408305597931,0.0453107968726639,0.05,400,80,560,560,399,161,219,56,39,22,7195,5,110,110,110,100,76,76,76,76,76,0,20
LIRCMOP7_BC,1,220,60,1,0.12,60,0,0.000250956165364178,0.00126203134719618,60,20,3,0.00314086792650369,53.3333333333333,0.352876765183339,0.410316231884554,0.281485158700467,20,0,20,1,0.333333333333333,0.00765578253437562,0.0101316517689635,0,0.0117256967505013,NaN,0.85,0.0316048769515899,0.166666666666667,0.0124063145959366,0.0130396700893444,0.05,400,76,552,552,405,147,214,49,45,22,7310,9,95,95,95,95,60,60,60,60,60,0,20
LIRCMOP7_BC,1,221,56,1,0.12,56,0,0.00026266705215133,0.00122567686432414,56,20,3,0.00293147673140344,57.1428571428571,0.338800151796099,0.410316231884554,0.851308101092851,14,6,20,0,0.357142857142857,0.0033640769271997,0.00548627451353431,0,0.0124872805911211,NaN,0.95,0.0127018417481689,0,0.0137489474895973,0.0149224631745289,0,400,60,520,520,382,138,201,49,40,21,7267,18,77,77,77,77,56,56,56,56,56,0,20
LIRCMOP7_BC,1,222,55,1,0.11,55,0,0.000269974711369581,0.00136555413510962,55,20,3,0.00287912893262838,58.1818181818182,0.338800151796099,0.410316231884554,1,13,7,20,3,0.363636363636364,0.0028218096727164,0.00790145525311622,0,0.0210811003448757,NaN,0.7,0.0132208834906779,0.181818181818182,0.0202801161460369,0.0268272461328368,0.15,400,56,512,512,385,127,213,51,28,14,7586,3,70,70,70,70,55,55,55,55,55,0,20
LIRCMOP7_BC,1,223,55,1,0.11,55,0,0.000257694925492308,0.00120423760662173,55,20,3,0.00287912893262838,58.1818181818182,0.338800151796099,0.410316231884554,0.73397308382714,15,5,20,2,0.363636363636364,0.00238216444194382,0.00627407717841808,0,0.0148919194744722,NaN,0.9,0.0167438764729572,0.181818181818182,0.0212176893405022,0.0244862226387549,0.1,400,55,510,510,387,123,199,51,34,16,6533,19,76,76,76,76,55,55,55,55,55,0,20
LIRCMOP7_BC,1,224,46,1,0.1,46,0,0.000277228585951405,0.00143613760742437,46,20,3,0.00240799874365283,69.5652173913043,0.338800151796099,0.436471435191965,0,16,4,20,0,0.434782608695652,0.00386011732396002,0.00540085940253805,0,0.0100628553003745,NaN,0.4,-0.00637992391815093,0,0.0162427808143359,0.0197046040995992,0,400,55,510,510,377,133,203,58,40,20,6436,8,79,79,79,74,46,46,46,46,46,0,20
LIRCMOP7_BC,1,225,96,1,0.21,96,0,0.00165459489818383,0.00966072645103665,96,20,3,0.0050253886824059,33.3333333333333,0.337789940041673,0.410316231884554,0,20,0,20,0,0.208333333333333,0.0165999404914418,0.0351842451065724,0,0.0500002044693397,NaN,0.75,0.0353352801715382,0,0.0322894410246491,0.0528910521678301,0,400,46,492,492,364,128,197,53,53,25,4633,8,101,101,101,101,96,96,96,96,96,0,20
LIRCMOP7_BC,1,226,110,1,0.22,110,0,0.00282128988516046,0.0127414911550482,110,20,3,0.00575825786525677,29.0909090909091,0.338800151796099,0.453501306615937,0,20,0,20,7,0.181818181818182,0.0250885993260975,0.0308352038042413,0,0.0308352038042413,NaN,0.85,0.0631143212337879,0.227272727272727,0.0254494455009939,0.0325482204852494,0.35,400,96,592,592,425,167,242,53,54,25,8568,29,110,110,110,110,110,110,110,110,110,0,20
LIRCMOP7_BC,1,227,100,1,0.2,100,0,0.0028883695007677,0.0127371551399387,100,20,3,0.00523477987750615,32,0.386507416790582,0.469479286547742,0,20,0,20,1,0.2,0.0195759175602076,0.0373742163683387,0,0.0447781080662064,NaN,0.7,0.0549059820541298,0.1,0.0251248350444938,0.0466869602074017,0.05,400,110,620,620,432,188,222,45,49,23,11337,62,100,100,100,100,100,100,100,100,100,0,20
LIRCMOP7_BC,1,228,120,1,0.24,120,0,0.00285639042251059,0.00901705869483943,120,20,3,0.00628173585300738,26.6666666666667,0.353547571290431,0.453501306615937,0,20,0,20,4,0.166666666666667,0.0127999717670485,0.0224834533131748,0,0.0314986294241278,NaN,0.5,0.00198033443115339,0.0833333333333333,0.0234931280784009,0.0346711573094046,0.2,400,100,600,600,416,184,219,44,56,27,8554,117,120,120,120,120,120,120,120,120,120,0,20
LIRCMOP7_BC,1,229,122,1,0.25,122,0,0.00209601890790095,0.00836563700496961,122,20,3,0.0063864314505575,26.2295081967213,0.338800151796099,0.453501306615937,0,20,0,20,4,0.163934426229508,0.0127339994805838,0.0164281694979006,0,0.0187809928672292,NaN,0.65,0.0203077752624567,0.16,0.0139396249649841,0.0206231986615326,0.2,400,120,640,640,428,212,228,43,57,28,9935,43,125,125,125,125,122,122,122,122,122,0,20
LIRCMOP7_BC,1,230,105,1,0.21,105,0,0.00237589584267821,0.00661097352777987,105,20,3,0.00549651887138146,30.4761904761905,0.338800151796099,0.469479286547742,0,20,0,20,1,0.19047619047619,0.00883368655277011,0.0166425178694844,0,0.0240956475299464,NaN,0.8,0.0479081945459006,0.0952380952380952,0.0175225750250963,0.0278846728808646,0.05,400,122,644,644,425,219,245,38,54,21,12687,7,105,105,105,105,105,105,105,105,105,0,20
LIRCMOP7_BC,1,231,105,1,0.21,105,0,0.0027424181809815,0.00625170351559475,105,20,3,0.00549651887138146,30.4761904761905,0.338800151796099,0.469479286547742,0,20,0,20,0,0.19047619047619,0.0103170680249264,0.019649446143192,0,0.0290831201757529,NaN,0.8,0.0273754053065497,0,0.0249181292599231,0.0314397396216511,0,400,105,610,610,422,188,223,41,54,22,10847,8,105,105,105,105,105,105,105,105,105,0,20
LIRCMOP7_BC,1,232,115,1,0.23,115,0,0.00298113139092751,0.00801413446126235,115,20,3,0.00601999685913207,27.8260869565217,0.355434010594231,0.474824413565887,0,20,0,20,0,0.173913043478261,0.00956578041213064,0.0133978570639449,0,0.0178583636037328,NaN,0.65,0.01648010660505,0,0.0147242913883517,0.020337347397193,0,400,105,610,610,409,201,245,43,55,24,11875,16,115,115,115,115,115,115,115,115,115,0,20
LIRCMOP7_BC,1,233,125,1,0.25,125,0,0.0015204607678123,0.00743475061058574,125,20,3,0.00654347484688269,25.6,0.338800151796099,0.474824413565887,0,20,0,20,2,0.16,0.0169377933367221,0.0251750531095012,0,0.0260894406452532,NaN,0.75,0.0235601584168773,0.08,0.0200205576800299,0.0271295257240187,0.1,400,115,630,630,427,203,249,46,63,27,10627,2,130,130,130,130,125,125,125,125,125,0,20
LIRCMOP7_BC,1,234,96,1,0.2,96,0,0.000526303635457293,0.00408394284374259,96,20,3,0.0050253886824059,33.3333333333333,0.381680210370664,0.474831015361594,0,20,0,20,1,0.208333333333333,0.00909769249208407,0.0160873329372945,0,0.0160873329372945,NaN,0.9,0.0930183304016801,0.1,0.0196049843333064,0.0207593575503805,0.05,400,125,650,650,427,223,254,42,56,24,15152,12,115,115,115,115,96,96,96,96,96,0,20
LIRCMOP7_BC,1,235,100,1,0.2,100,0,0.000722457295281535,0.00419913214036926,100,20,3,0.00523477987750615,32,0.332614585373976,0.457104292127191,0,20,0,20,1,0.2,0.0113924949721002,0.0205517217678052,0,0.023085160586027,NaN,0.7,0.0254093723127878,0.1,0.0194397571963875,0.0244459046676383,0.05,400,96,592,592,396,196,239,41,51,22,9926,6,110,110,110,110,100,100,100,100,100,0,20
LIRCMOP7_BC,1,236,125,1,0.25,125,0,0.0020981119515046,0.00571932183115033,125,20,3,0.00654347484688269,25.6,0.326429018951853,0.474831015361594,0,20,0,20,1,0.16,0.0235834036861802,0.0353772014175263,0,0.0353772014175263,NaN,0.5,0.0126631285206208,0.08,0.0274963456720955,0.041373762502366,0.05,400,100,600,600,404,196,247,46,60,27,8759,8,130,130,130,130,125,125,125,125,125,0,20
LIRCMOP7_BC,1,237,90,1,0.18,90,0,0.000440387591676376,0.00397008421651383,90,20,3,0.00471130188975554,35.5555555555556,0.35676631050272,0.474831015361594,0,20,0,20,2,0.222222222222222,0.0112839551948625,0.0152738378456157,0,0.0155212732076563,NaN,0.6,0.0195364729371098,0.166666666666667,0.0128714032199041,0.0162013134413509,0.1,400,125,650,650,451,199,246,43,50,22,13117,20,110,110,110,110,90,90,90,90,90,0,20
LIRCMOP7_BC,1,238,94,1,0.19,94,0,0.000505492671697154,0.00498547598662739,94,20,3,0.00492069308485578,34.0425531914894,0.338800151796099,0.474831015361594,0,20,0,20,4,0.212765957446809,0.0186504074393605,0.0330606793156926,0,0.0330606793156926,NaN,0.9,0.0500912245309956,0.105263157894737,0.0203762651006549,0.0375517976035504,0.2,400,90,580,580,399,181,233,41,50,22,9218,12,110,110,110,110,94,94,94,94,94,0,20
LIRCMOP7_BC,1,239,100,1,0.2,100,0,0.000780303281428224,0.00462743609949006,100,20,3,0.00523477987750615,32,0.320983784598951,0.457104292127191,0,20,0,20,3,0.2,0.00808353568186949,0.0137436154576685,0,0.0158941319765983,NaN,0.8,0.0682030118668108,0.15,0.0127018171421253,0.0159997031850271,0.15,400,94,588,588,401,187,183,38,54,24,7102,0,120,120,120,115,100,100,100,100,100,0,20
LIRCMOP7_BC,1,240,155,1,0.31,155,0,0.00251978475552446,0.0107078758786335,155,20,3,0.00811390881013453,20.6451612903226,0.320839701980319,0.450958561435853,0,20,0,20,6,0.129032258064516,0.0217698717683168,0.0338081984073006,0,0.0338081984073006,NaN,1,0.0329997510085386,0.0645161290322581,0.0221462028315292,0.0368633686476245,0.3,400,100,600,600,410,190,219,50,67,33,6548,21,165,165,165,165,155,155,155,155,155,0,20
LIRCMOP7_BC,1,241,140,1,0.28,140,0,0.00231869476173943,0.0106753053686563,140,20,3,0.00732869182850861,22.8571428571429,0.319296671640192,0.444238530470875,0,20,0,20,2,0.142857142857143,0.0054431694387953,0.0158583904570808,0,0.0160546116226596,NaN,0.95,0.0594394882490868,0.0714285714285714,0.00987681023891334,0.0172992426554686,0.1,400,155,710,710,468,242,280,45,65,30,12765,26,150,150,150,150,140,140,140,140,140,0,20
LIRCMOP7_BC,1,242,152,1,0.31,152,0,0.00267559187498989,0.00926477452004428,152,20,3,0.00795686541380935,21.0526315789474,0.320839701980319,0.469566806419706,0,20,0,20,6,0.131578947368421,0.0260355453051122,0.0455741544970148,0,0.0456361266764305,NaN,0.95,0.109566969084646,0.129032258064516,0.0299610699724404,0.0489380628378839,0.3,400,140,680,680,423,257,268,45,73,35,11299,48,165,165,165,165,152,152,152,152,152,0,20
LIRCMOP7_BC,1,243,135,1,0.27,135,0,0.00215526931044018,0.00802695805500823,135,20,3,0.0070669528346333,23.7037037037037,0.338800151796099,0.505781087745165,0,20,0,20,2,0.148148148148148,0.015349656747352,0.0243951605401326,0,0.0313590107230265,NaN,0.95,0.0787539718721431,0.0740740740740741,0.02083932810157,0.0315473383501373,0.1,400,152,704,704,441,263,293,42,62,28,15912,9,140,140,140,140,135,135,135,135,135,0,20
LIRCMOP7_BC,1,244,179,1,0.36,179,0,0.00314250646617091,0.0125858604162955,179,20,3,0.00937025598073601,17.877094972067,0.326429018951853,0.474831015361594,0,20,0,20,3,0.111731843575419,0.0253331530506935,0.0405836539937762,0,0.0407311277778959,NaN,0.95,0.0466168598135265,0.0555555555555556,0.0264975404887602,0.0434217138826043,0.15,400,135,670,670,411,259,282,50,79,39,10321,38,194,194,194,194,179,179,179,179,179,0,20
LIRCMOP7_BC,1,245,155,1,0.31,155,0,0.00261691443124968,0.0113869498174226,155,20,3,0.00811390881013453,20.6451612903226,0.337507081748176,0.505781087745165,0,20,0,20,9,0.129032258064516,0.0288291145171804,0.0546251411887067,0,0.054867473074168,NaN,0.95,0.0732356969397401,0.161290322580645,0.0304627659241452,0.0552093837806522,0.45,400,179,758,758,465,293,308,45,74,34,16470,69,170,170,170,170,155,155,155,155,155,0,20
LIRCMOP7_BC,1,246,190,1,0.38,190,0,0.00240140180194161,0.00880037153390506,190,20,3,0.00994608176726169,16.8421052631579,0.337507081748176,0.484310079628692,0,20,0,20,15,0.105263157894737,0.0535855140017595,0.0850727756740831,0,0.0852916715489942,NaN,0.25,-0.0128338645021004,0.105263157894737,0.057636152397311,0.085957396763768,0.75,400,155,710,710,427,283,301,53,84,43,10776,30,215,215,215,215,190,190,190,190,190,0,20
LIRCMOP7_BC,1,247,195,1,0.39,195,0,0.00259357546130707,0.0120261779271544,195,20,3,0.010207820761137,16.4102564102564,0.321079657576584,0.474831015361594,0,20,0,20,8,0.102564102564103,0.0400786055063168,0.0733879792995337,0,0.0737553982980658,NaN,0.95,0.0341434548316192,0.102564102564103,0.0411652996252104,0.0743245343303223,0.4,400,190,780,780,470,310,317,52,84,45,13459,31,225,225,225,225,195,195,195,195,195,0,20
LIRCMOP7_BC,1,248,185,1,0.37,185,0,0.00350380653045756,0.0175619323735765,185,20,3,0.00968434277338638,17.2972972972973,0.325678430457613,0.484310079628692,0,20,0,20,11,0.108108108108108,0.0481898103598486,0.0834599781974373,0,0.0838275295251101,NaN,0.65,0.00464253092869427,0.108108108108108,0.0493174212081702,0.0843904433947866,0.55,400,195,790,790,464,326,312,48,86,44,14164,21,216,216,216,216,185,185,185,185,185,0,20
LIRCMOP7_BC,1,249,205,1,0.41,205,0,0.00253700738888476,0.00898936373199208,205,20,3,0.0107312987488876,15.609756097561,0.325117699710427,0.456646676748391,0,20,0,20,15,0.0975609756097561,0.060637274756238,0.0997741666428488,0,0.100040583496675,NaN,1,0.0434414155358047,0.0975609756097561,0.0643668255930041,0.100492746953919,0.75,400,185,770,770,452,318,334,50,91,47,11353,83,232,232,232,232,205,205,205,205,205,0,20
LIRCMOP7_BC,1,250,210,1,0.43,210,0,0.00252203732566459,0.0119592805736459,210,20,3,0.0109930377427629,15.2380952380952,0.323573220995825,0.445432215624152,0,20,0,20,10,0.0952380952380952,0.047048195122472,0.074289337802348,0,0.0744934304344456,NaN,1,0.0560433804775639,0.0930232558139535,0.0480127976944158,0.0750224700337919,0.5,400,205,810,810,476,334,331,53,91,50,12310,17,250,250,250,250,210,210,210,210,210,0,20
LIRCMOP7_BC,1,251,203,1,0.41,203,0,0.00266510992998111,0.00948151540034476,203,20,3,0.0106266031513375,15.7635467980296,0.32444623178216,0.456646676748391,0,20,0,20,7,0.0985221674876847,0.0379489698077987,0.0557605329458347,0,0.0559432916967295,NaN,1,0.0739743696432699,0.0975609756097561,0.0383495301552411,0.0566145874896123,0.35,400,210,820,820,493,327,345,50,91,46,13068,53,230,230,230,230,203,203,203,203,203,0,20
LIRCMOP7_BC,1,252,224,1,0.45,224,0,0.00452824590968347,0.0195921951841811,224,20,3,0.0117259069256138,14.2857142857143,0.32444623178216,0.456646676748391,0,20,0,20,14,0.0892857142857143,0.0678242728988973,0.086493983692451,0,0.0865050802063395,NaN,0.95,0.0997200554536333,0.0888888888888889,0.076783994580644,0.0869061086372832,0.7,400,203,806,806,454,352,348,54,100,54,11259,8,270,270,270,270,224,224,224,224,224,0,20
LIRCMOP7_BC,1,253,210,1,0.42,210,0,0.00379139148633501,0.014109899387795,210,20,3,0.0109930377427629,15.2380952380952,0.321769956094905,0.450958561435853,0,20,0,20,4,0.0952380952380952,0.0312441935961966,0.0579465245266986,0,0.0617608140644871,NaN,0.8,0.0411222624556565,0.0952380952380952,0.0395273427944581,0.0623905315868788,0.2,400,224,848,848,476,372,308,48,100,48,12171,32,239,239,239,239,210,210,210,210,210,0,20
LIRCMOP7_BC,1,254,204,1,0.41,204,0,0.00307636116702217,0.0125351351918419,204,20,3,0.0106789509501125,15.6862745098039,0.328362242918741,0.460696109477273,0,20,0,20,11,0.0980392156862745,0.0602421500525266,0.099638509964758,0,0.10731009879454,NaN,0.6,0.0226371601850016,0.0975609756097561,0.0680316206916047,0.109669453429293,0.55,400,210,820,820,463,357,294,46,100,46,12192,36,229,229,229,229,204,204,204,204,204,0,20
LIRCMOP7_BC,1,255,219,1,0.45,219,0,0.00333256978132281,0.0126367362171051,219,20,3,0.0114641679317385,14.6118721461187,0.333249524691087,0.526616295718536,0,20,0,20,20,0.091324200913242,0.118509453093798,0.159109953381772,0,0.170281593952873,NaN,1,0.114357543039275,0.0888888888888889,0.132948106486171,0.171286112279796,1,400,204,808,808,438,370,300,50,100,50,11069,12,250,250,250,250,219,219,219,219,219,0,20
LIRCMOP7_BC,1,256,245,1,0.49,245,0,0.0043982666005851,0.0162574763939496,245,20,3,0.0128252106998901,13.0612244897959,0.333249524691087,0.484310079628692,0,20,0,20,12,0.0816326530612245,0.0658268994111003,0.0938070280545574,0,0.101880011462834,NaN,0.95,0.0290198123849716,0.102040816326531,0.0728326200647667,0.103080689515268,0.6,400,219,838,838,431,407,347,54,100,54,13937,15,266,266,266,266,245,245,245,245,245,0,20
LIRCMOP7_BC,1,257,246,1,0.5,246,0,0.00480246011516652,0.0171602191759674,246,20,3,0.0128775584986651,13.0081300813008,0.334013753351224,0.522455666969447,0,20,0,20,4,0.0813008130081301,0.013387805436418,0.0262529818515538,0,0.0287551058311045,NaN,0.3,-0.0183524385868152,0.08,0.0149871514917687,0.0301658207700559,0.2,400,245,890,890,442,448,386,54,100,54,16590,22,269,269,269,269,246,246,246,246,246,0,20
LIRCMOP7_BC,1,258,260,1,0.52,260,0,0.00481946028053372,0.0173034661035637,260,20,3,0.013610427681516,12.3076923076923,0.333249524691087,0.554657305957591,0,20,0,20,6,0.0769230769230769,0.0379708463992874,0.0563191582894228,0,0.0726636687168026,NaN,0.65,0.012175449308952,0.0769230769230769,0.053020826292406,0.0741509814422088,0.3,400,246,892,892,432,460,361,55,100,55,16141,4,275,275,275,275,260,260,260,260,260,0,20
LIRCMOP7_BC,1,259,243,1,0.5,243,0,0.00451103420739487,0.0164631331127125,243,20,3,0.0127205151023399,13.1687242798354,0.334013753351224,0.648042961920904,0,20,0,20,2,0.0823045267489712,0.0247336574923665,0.0391951973266021,0,0.0462459588353353,NaN,0.95,0.163279153109966,0.06,0.0315213628081184,0.0492607859268189,0.1,400,260,920,920,451,469,372,52,100,52,16859,0,260,260,260,260,243,243,243,243,243,0,20
LIRCMOP7_BC,1,260,262,1,0.53,262,0,0.00410994787793397,0.0117982372281631,262,20,3,0.0137151232790661,12.2137404580153,0.334013753351224,0.616521104352019,0,20,0,20,1,0.0763358778625954,0.0375641889946579,0.0462340971760153,0,0.0713125422157737,NaN,0.8,0.0300938265395044,0.0377358490566038,0.0572795177598485,0.0729089047036304,0.05,400,243,886,886,440,446,361,55,100,55,15631,17,275,275,275,275,262,262,262,262,262,0,20
LIRCMOP7_BC,1,261,260,1,0.52,260,0,0.00400215117427841,0.00983789426819267,260,20,3,0.013610427681516,12.3076923076923,0.360141079389826,0.648042961920904,0,20,0,20,1,0.0769230769230769,0.0246741901410322,0.0333395349566785,0,0.0466949145709465,NaN,0.95,0.18286236603135,0.0384615384615385,0.0295323176414361,0.0486109782686338,0.05,400,262,924,924,442,482,395,56,100,56,18199,63,280,280,280,280,260,260,260,260,260,0,20
LIRCMOP7_BC,1,262,265,1,0.53,265,0,0.00417777147694378,0.00984122606033135,265,20,3,0.0138721666753913,12.0754716981132,0.351774402851409,0.616521104352019,0,20,0,20,2,0.0754716981132075,0.027741855656989,0.0394376637092122,0,0.069667090032983,NaN,0.95,0.168404910786295,0.0754716981132075,0.0513930370734777,0.0719743674735926,0.1,400,260,920,920,442,478,391,57,100,57,18069,4,285,285,285,285,265,265,265,265,265,0,20
LIRCMOP7_BC,1,263,260,1,0.52,260,0,0.00361744517434137,0.00945240214789892,260,20,3,0.013610427681516,12.3076923076923,0.320839730955834,0.616521104352019,0,20,0,20,12,0.0769230769230769,0.055840852429195,0.0779790540439126,0,0.138431905152956,NaN,0.95,0.13144143549487,0.0961538461538462,0.119337980463425,0.139700175455131,0.6,400,265,930,930,462,468,395,56,100,56,18881,2,280,280,280,280,260,260,260,260,260,0,20
LIRCMOP7_BC,1,264,280,1,0.56,280,0,0.00465451514652875,0.0162554623219939,280,20,3,0.0146573836570172,11.4285714285714,0.339127701010283,0.656174311622261,0,20,0,20,3,0.0714285714285714,0.0170880235183712,0.0305352286089829,0,0.0563380043475999,NaN,0.8,0.102518733897225,0.107142857142857,0.0347748278651669,0.058496685056745,0.15,400,260,920,920,445,475,367,60,100,60,16816,2,300,300,300,300,280,280,280,280,280,0,20
LIRCMOP7_BC,1,265,260,1,0.52,260,0,0.00306045676807097,0.00950613197939251,260,20,3,0.013610427681516,12.3076923076923,0.360141079389826,0.599396696717942,0,20,0,20,8,0.0769230769230769,0.0186510181623163,0.0248573634187263,0,0.0715702619791585,NaN,0.95,0.211964026966657,0.0384615384615385,0.059109010246393,0.0725341094950512,0.4,400,280,960,960,469,491,384,57,100,57,17887,2,285,285,285,285,260,260,260,260,260,0,20
LIRCMOP7_BC,1,266,285,1,0.57,285,0,0.00400030852359421,0.0122782605106778,285,20,3,0.0149191226508925,11.2280701754386,0.344241648669343,0.65364711809305,0,20,0,20,7,0.0701754385964912,0.0416885344468741,0.0526011507202281,0,0.0596136553674678,NaN,0.8,0.0725869629271853,0.087719298245614,0.0497105357549324,0.0597761716911041,0.35,400,260,920,920,441,479,370,60,100,60,17026,44,300,300,300,300,285,285,285,285,285,0,20
LIRCMOP7_BC,1,267,265,1,0.53,265,0,0.00356299430484797,0.0112565428844096,265,20,3,0.0138721666753913,12.0754716981132,0.362166080399133,0.618218422657292,0,20,0,20,20,0.0754716981132075,0.0771927413682085,0.130217415091437,0,0.191556202086413,NaN,0.9,0.128181195112967,0.188679245283019,0.129531371820004,0.191734700444603,1,400,285,970,970,452,518,401,60,100,60,20050,42,299,299,299,299,265,265,265,265,265,0,20
LIRCMOP7_BC,1,268,262,1,0.53,262,0,0.002835193341142,0.00879675677348109,262,20,3,0.0137151232790661,12.2137404580153,0.344241648669343,0.616521104352019,0,20,0,20,0,0.0763358778625954,0.0107516446546996,0.0218028230629427,0,0.0348826179547602,NaN,0.9,0.14554194043919,0,0.027030139374348,0.0359366917776991,0,400,265,930,930,438,492,368,58,100,58,17384,4,290,290,290,290,262,262,262,262,262,0,20
LIRCMOP7_BC,1,269,275,1,0.55,275,0,0.00319622945239907,0.00889789988394174,275,20,3,0.0143956446631419,11.6363636363636,0.368507755928243,0.618218422657292,0,20,0,20,4,0.0727272727272727,0.0139576793427909,0.0180383869420115,0,0.0844555658595512,NaN,0.9,0.136631692106174,0.0363636363636364,0.0500533215652506,0.090001296350217,0.2,400,262,924,924,443,481,376,60,100,60,17880,32,300,300,300,300,275,275,275,275,275,0,20
LIRCMOP7_BC,1,270,277,1,0.56,277,0,0.00406039464586117,0.0138944505252174,277,20,3,0.014500340260692,11.5523465703971,0.388257868509221,0.618218422657292,0,20,0,20,3,0.0722021660649819,0.010306109517412,0.0223973718846131,0,0.0608810279633133,NaN,0.9,0.151970675109638,0.0892857142857143,0.0460925282269012,0.0625339216271377,0.15,400,275,950,950,450,500,395,64,100,64,19445,23,320,320,320,320,277,277,277,277,277,0,20
LIRCMOP7_BC,1,271,285,1,0.57,285,0,0.00335530664438347,0.00995716338301393,285,20,3,0.0149191226508925,11.2280701754386,0.389484955068146,0.634281313682219,0,20,0,20,3,0.0701754385964912,0.0184017464306622,0.0421792064539162,0,0.0477727720445729,NaN,0.75,0.0580060352055907,0.0350877192982456,0.0421183866906222,0.049292171229554,0.15,400,277,954,954,455,499,380,62,100,62,19513,0,310,310,310,310,285,285,285,285,285,0,20
LIRCMOP7_BC,1,272,270,1,0.54,270,0,0.00286814714598811,0.00841448962415659,270,20,3,0.0141339056692666,11.8518518518519,0.368507755928243,0.634281313682219,0,20,0,20,1,0.0740740740740741,0.013173683516541,0.0219835343142881,0,0.028712020838113,NaN,0.75,0.091825737587662,0.037037037037037,0.021422330904998,0.0298005856088998,0.05,400,285,970,970,475,495,400,59,100,59,20350,0,295,295,295,295,270,270,270,270,270,0,20
LIRCMOP7_BC,1,273,271,1,0.55,271,0,0.00274476380462788,0.00804055627145072,271,20,3,0.0141862534680417,11.8081180811808,0.351774402851409,0.618218422657292,0,20,0,20,7,0.0738007380073801,0.0262224432862182,0.0359943974636168,0,0.0445972942533903,NaN,0.85,0.0618175037501456,0.0363636363636364,0.033280732680417,0.0450767770269169,0.35,400,270,940,940,475,465,386,60,100,60,18914,15,296,296,296,296,271,271,271,271,271,0,20
LIRCMOP7_BC,1,274,285,1,0.57,285,0,0.00238338537031268,0.00689212770389109,285,20,3,0.0149191226508925,11.2280701754386,0.351774402851409,0.634281313682219,0,20,0,20,9,0.0701754385964912,0.0240894167874494,0.0377751571632517,0,0.0848030158705803,NaN,0.9,0.0469531648271155,0.105263157894737,0.0789531863385793,0.0887611151662419,0.45,400,271,942,942,447,495,397,61,100,61,20270,9,304,304,304,304,285,285,285,285,285,0,20
LIRCMOP7_BC,1,275,280,1,0.56,280,0,0.00271802647781753,0.00765648680561,280,20,3,0.0146573836570172,11.4285714285714,0.347959552978476,0.618218422657292,0,20,0,20,0,0.0714285714285714,0.00887537870954997,0.0231493781547349,0,0.0241914183894773,NaN,0.95,0.163157821674989,0,0.0227667931006923,0.0268955043975421,0,400,285,970,970,479,491,400,63,100,63,20211,12,315,315,315,315,280,280,280,280,280,0,20
LIRCMOP7_BC,1,276,280,1,0.56,280,0,0.00326954767313738,0.0100906062724332,280,20,3,0.0146573836570172,11.4285714285714,0.339092910381609,0.59645809510368,0,20,0,20,5,0.0714285714285714,0.0282905606041261,0.0631772575631559,0,0.0631772575631559,NaN,0.35,-0.0256789088723565,0.0357142857142857,0.0488674998039239,0.0639517050281873,0.25,400,280,960,960,461,499,397,63,100,63,19133,19,315,315,315,315,280,280,280,280,280,0,20
LIRCMOP7_BC,1,277,275,1,0.55,275,0,0.00335635399251703,0.0106374868389819,275,20,3,0.0143956446631419,11.6363636363636,0.373875793264524,0.618218422657292,0,20,0,20,1,0.0727272727272727,0.0142623279894307,0.0281652867218792,0,0.0333544462763426,NaN,0.4,-0.0154170276534331,0.0363636363636364,0.0276213496269192,0.0334531672224986,0.05,400,280,960,960,470,490,411,63,100,63,19676,12,315,315,315,315,275,275,275,275,275,0,20
LIRCMOP7_BC,1,278,290,1,0.58,290,0,0.0032331592409374,0.00837502065238256,290,20,3,0.0151808616447678,11.0344827586207,0.362676672281049,0.618218422657292,0,20,0,20,3,0.0689655172413793,0.0161508272478174,0.0342714758105047,0,0.0444240818406263,NaN,0.2,-0.0358841804479305,0.0689655172413793,0.0359588379689883,0.0447175116615913,0.15,400,275,950,950,480,470,425,67,100,67,20190,7,335,335,335,335,290,290,290,290,290,0,20
LIRCMOP7_BC,1,279,290,1,0.58,290,0,0.00271515519052228,0.00947722800646148,290,20,3,0.0151808616447678,11.0344827586207,0.347959552978476,0.564637085942912,0,20,0,20,11,0.0689655172413793,0.0778395628496906,0.115613383372393,0,0.174861626283046,NaN,0.45,-0.014409905515498,0.0344827586206897,0.0972247342946503,0.175563714829998,0.55,400,290,980,980,482,498,413,67,100,67,20977,3,335,335,335,335,290,290,290,290,290,0,20
LIRCMOP7_BC,1,280,275,1,0.55,275,0,0.00275180833238177,0.00835243760423939,275,20,3,0.0143956446631419,11.6363636363636,0.344241648669343,0.564637085942912,0,20,0,20,4,0.0727272727272727,0.0151672914294928,0.0630111094526701,0,0.0630111094526701,NaN,0.35,-0.0370784771868135,0.0363636363636364,0.0316355064842951,0.0634252113817284,0.2,400,290,980,980,493,487,409,65,100,65,19504,16,325,325,325,325,275,275,275,275,275,0,20
LIRCMOP7_BC,1,281,292,1,0.6,292,0,0.00301536134176812,0.00897647902787932,292,20,3,0.015285557242318,10.958904109589,0.38524458362585,0.628754950698241,0,20,0,20,6,0.0684931506849315,0.0312459736156041,0.0539826267604417,0,0.0946758468708494,NaN,0.35,-0.0115556254532035,0.133333333333333,0.050928913217973,0.0947567930493428,0.3,400,275,950,950,495,455,392,66,100,66,18786,16,330,330,330,330,292,292,292,292,292,0,20
LIRCMOP7_BC,1,282,295,1,0.59,295,0,0.00298151750835653,0.00802527851635053,295,20,3,0.0154426006386431,10.8474576271186,0.372992529460962,0.648189834472439,0,20,0,20,5,0.0677966101694915,0.0166134111531601,0.0345234310771339,0,0.0713026352905223,NaN,0.55,0.00484528293866085,0.11864406779661,0.0408428764297736,0.0714488454381561,0.25,400,292,984,984,519,465,395,69,100,69,19284,20,345,345,345,345,295,295,295,295,295,0,20
LIRCMOP7_BC,1,283,291,1,0.59,291,0,0.00297135140823255,0.00864457679450892,291,20,3,0.0152332094435429,10.9965635738832,0.39863907278663,0.708264636004599,0,20,0,20,2,0.0687285223367698,0.00948747447480444,0.0221530922685103,0,0.0521378759734259,NaN,0.4,-0.0140716817070715,0.0677966101694915,0.0291980212001642,0.0522850577507657,0.1,400,295,990,990,514,476,414,68,100,68,19404,7,340,340,340,340,291,291,291,291,291,0,20
LIRCMOP7_BC,1,284,315,1,0.65,315,0,0.00293718272498427,0.00923901520735541,315,20,3,0.0164895566141444,10.1587301587302,0.357267619124819,0.621663844204776,0,20,0,20,2,0.0634920634920635,0.0142927544091026,0.0171834721850029,0,0.0531999205886762,NaN,0.55,0.0151550744651339,0.0615384615384615,0.0226398602999219,0.0535518719284608,0.1,400,291,982,982,484,498,412,70,100,70,20793,0,350,350,350,350,315,315,315,315,315,0,20
LIRCMOP7_BC,1,285,298,1,0.6,298,0,0.00406499573904001,0.0120008936599927,298,20,3,0.0155996440349683,10.738255033557,0.349222774129562,0.642359369340179,0,20,0,20,1,0.0671140939597315,0.0082392912066045,0.0138393185010389,0,0.0380855764562767,NaN,0.85,0.0168264944393517,0.0333333333333333,0.0251717010075387,0.0382656887779598,0.05,400,315,1030,1030,504,526,434,66,100,66,24623,0,330,330,330,330,298,298,298,298,298,0,20
LIRCMOP7_BC,1,286,322,1,0.66,322,0,0.00358696137601561,0.0109301881422864,322,20,3,0.0168559912055698,9.93788819875776,0.344144703105544,0.648189834472439,0,20,0,20,4,0.062111801242236,0.0138350907639763,0.0220832181231954,0,0.0563174241745594,NaN,0.45,-0.00314433684385362,0.106060606060606,0.033494931095058,0.0575550669619661,0.2,400,298,996,996,489,507,418,70,100,70,20285,0,350,350,350,350,322,322,322,322,322,0,20
LIRCMOP7_BC,1,287,281,1,0.57,281,0,0.00273344030627307,0.00833465598096514,281,20,3,0.0147097314557923,11.3879003558719,0.344144703105544,0.648189834472439,0,20,0,20,0,0.0711743772241993,0.0121539915939371,0.0172521190413825,0,0.0319468491355809,NaN,0.5,0.0170820358181771,0,0.0167656714748833,0.0334024062998781,0,400,322,1044,1044,520,524,436,65,100,65,24247,19,325,325,325,325,281,281,281,281,281,0,20
LIRCMOP7_BC,1,288,306,1,0.62,306,0,0.00268272481242967,0.0081881921989532,306,20,3,0.0160184264251688,10.4575163398693,0.372992529460962,0.708264636004599,0,20,0,20,0,0.065359477124183,0.00770447337422814,0.00894515673332887,0,0.0220077834647564,NaN,0.6,0.0111048080629357,0,0.0149613517994863,0.022114454381181,0,400,281,962,962,474,488,394,67,100,67,19974,12,335,335,335,335,306,306,306,306,306,0,20
LIRCMOP7_BC,1,289,291,1,0.59,291,0,0.00288711138225523,0.00799145443843468,291,20,3,0.0152332094435429,10.9965635738832,0.38302534615262,0.708264636004599,0,20,0,20,2,0.0687285223367698,0.00538621192039659,0.00710568902363442,0,0.0227271202807456,NaN,0.45,-0.00998614727895017,0.0508474576271186,0.0147125339740627,0.0234024593874024,0.1,400,306,1012,1012,503,509,407,65,100,65,20535,0,325,325,325,325,291,291,291,291,291,0,20
LIRCMOP7_BC,1,290,282,1,0.57,282,0,0.00322327331090099,0.00926532355533004,282,20,3,0.0147620792545673,11.3475177304965,0.396575546197003,0.708264636004599,0,20,0,20,0,0.0709219858156028,0.00556945115684016,0.00708992279738556,0,0.0278113809075773,NaN,0.8,0.0266220597008814,0,0.0147632332072547,0.0294853679422552,0,400,291,982,982,490,492,403,63,100,63,20705,2,315,315,315,315,282,282,282,282,282,0,20
LIRCMOP7_BC,1,291,273,1,0.55,273,0,0.00227742643857421,0.00575361630147807,273,20,3,0.0142909490655918,11.7216117216117,0.373913621054696,0.708264636004599,0,20,0,20,0,0.0732600732600733,0.00533664355604201,0.0124971999890714,0,0.0143185780676161,NaN,0.6,0.019142406491266,0,0.0106651541723845,0.015149437258969,0,400,282,964,964,477,487,403,62,100,62,23698,9,310,310,310,310,273,273,273,273,273,0,20
LIRCMOP7_BC,1,292,262,1,0.54,262,0,0.00284161120702322,0.0082504735361157,262,20,3,0.0137151232790661,12.2137404580153,0.38564160733092,0.708264636004599,0,20,0,20,3,0.0763358778625954,0.0154872146777307,0.0354866731617075,0,0.0391655672748785,NaN,0.7,0.043515417280055,0.0740740740740741,0.0211919831883167,0.0393427951530443,0.15,400,273,946,946,468,478,370,62,100,62,20178,29,305,305,305,305,262,262,262,262,262,0,20
LIRCMOP7_BC,1,293,285,1,0.57,285,0,0.00236237825765648,0.00757828715402864,285,20,3,0.0149191226508925,11.2280701754386,0.396575546197003,0.708264636004599,0,20,0,20,8,0.0701754385964912,0.0527279872846271,0.0686044603822776,0,0.0857571440019852,NaN,0.7,0.0397872477589391,0.192982456140351,0.0544196049167543,0.0867048187284002,0.4,400,262,924,924,455,469,390,67,100,67,20231,7,330,330,330,330,285,285,285,285,285,0,20
LIRCMOP7_BC,1,294,241,1,0.49,241,0,0.0020248268869973,0.00495414945143281,241,20,3,0.0126158195047898,13.2780082987552,0.375917243979564,0.635372221630038,0,20,0,20,4,0.0829875518672199,0.0337345752598756,0.06144714382417,0,0.0620884793189411,NaN,0.7,0.0291941881909567,0.102040816326531,0.0374002081107012,0.0621963791368064,0.2,400,285,970,970,483,487,390,58,91,54,26152,7,265,265,265,265,241,241,241,241,241,0,20
LIRCMOP7_BC,1,295,262,1,0.54,262,0,0.0018215947932629,0.00524627122369733,262,20,3,0.0137151232790661,12.2137404580153,0.38302534615262,0.648189834472439,0,20,0,20,1,0.0763358778625954,0.019108424563036,0.0495764918964579,0,0.0497488758615384,NaN,0.65,0.0229318573138776,0.037037037037037,0.0242324626491739,0.0498529383558743,0.05,400,241,882,882,455,427,360,63,100,63,17540,6,300,300,300,300,262,262,262,262,262,0,20
LIRCMOP7_BC,1,296,327,1,0.66,327,0,0.00243203153135354,0.00737059673404859,327,20,3,0.0171177301994451,9.78593272171254,0.38302534615262,0.702194473876006,0,20,0,20,5,0.0611620795107034,0.0338895745788584,0.0680753458775823,0,0.0683773078403671,NaN,0.6,0.00670133193327263,0.106060606060606,0.0346169060614989,0.0684281720469388,0.25,400,262,924,924,478,446,376,72,100,72,16846,8,357,357,357,357,327,327,327,327,327,0,20
LIRCMOP7_BC,1,297,325,1,0.65,325,0,0.00230077128391029,0.00593791221780848,325,20,3,0.017013034601895,9.84615384615385,0.396575546197003,0.708264636004599,0,20,0,20,10,0.0615384615384615,0.0490343046112891,0.100780117981942,0,0.101097665176225,NaN,0.65,0.0413812865684461,0.153846153846154,0.0510811509142857,0.101178957453433,0.5,400,327,1054,1054,526,528,440,70,100,70,24529,5,350,350,350,350,325,325,325,325,325,0,20
LIRCMOP7_BC,1,298,325,1,0.65,325,0,0.00251816112270213,0.00679606152448859,325,20,3,0.017013034601895,9.84615384615385,0.375917243979564,0.624721258786984,0,19,1,20,12,0.0615384615384615,0.0635211724742307,0.0903232500967518,0,0.0909353682432844,NaN,0.75,0.063452679988626,0.153846153846154,0.0638028456936354,0.0910582862128266,0.6,400,325,1050,1050,519,531,446,70,100,70,26078,18,343,343,343,343,325,325,325,325,325,0,20
LIRCMOP7_BC,1,299,325,1,0.65,325,0,0.0025043086808264,0.00729540935057796,325,20,3,0.017013034601895,9.84615384615385,0.375917243979564,0.67627016429599,0,18,2,20,17,0.0615384615384615,0.1190453091083,0.14862589322266,0,0.149015417945857,NaN,0.8,0.0321558634924921,0.230769230769231,0.119230582252931,0.149227736609983,0.85,400,325,1050,1050,529,521,417,70,99,70,23737,1,346,346,346,346,325,325,325,325,325,0,20
LIRCMOP7_BC,1,300,301,1,0.61,301,0,0.0026260917599261,0.00686867949570782,301,20,3,0.0157566874312935,10.6312292358804,0.375917243979564,0.66692461421654,0,20,0,20,1,0.0664451827242525,0.0354316802901704,0.0577662237057513,0,0.0614179707361679,NaN,0.7,0.0215098786574325,0.0327868852459016,0.0362062523566491,0.0619687947330515,0.05,400,325,1050,1050,507,543,427,68,100,68,27945,11,337,337,337,337,301,301,301,301,301,0,20
LIRCMOP7_BC,1,301,300,1,0.6,300,0,0.00236367196789418,0.00716485616576251,300,20,3,0.0157043396325185,10.6666666666667,0.379471295066092,0.675974893279458,0,20,0,20,10,0.0666666666666667,0.0557423390242012,0.0940869828571341,0,0.094452600851179,NaN,0.85,0.0536928428230046,0.15,0.0566827106071192,0.0944631084516426,0.5,400,301,1002,1002,499,503,419,65,100,65,23811,0,325,325,325,325,300,300,300,300,300,0,20
LIRCMOP7_BC,1,302,340,1,0.68,340,0,0.00269367858007657,0.00846479549632539,340,20,3,0.0177982515835209,9.41176470588235,0.38302534615262,0.708264636004599,0,20,0,20,18,0.0588235294117647,0.10293155778313,0.127667194477033,0,0.127758965391678,NaN,0.7,0.0275023393978311,0.220588235294118,0.103167620427142,0.127807668878943,0.9,400,300,1000,1000,489,511,427,72,100,72,22070,0,360,360,360,360,340,340,340,340,340,0,20
LIRCMOP7_BC,1,303,315,1,0.63,315,0,0.00222974720422396,0.00676036227768728,315,20,3,0.0164895566141444,10.1587301587302,0.403563735915567,0.737050749274667,0,20,0,20,11,0.0634920634920635,0.0602079887421223,0.0859903585399246,0,0.0862846924864151,NaN,0.55,0.0113207646165067,0.158730158730159,0.0603951451035971,0.0863620347608156,0.55,400,340,1080,1080,528,552,472,68,100,68,29615,0,340,340,340,340,315,315,315,315,315,0,20
LIRCMOP7_BC,1,304,320,1,0.64,320,0,0.00242472577941197,0.00721632725233398,320,20,3,0.0167512956080197,10,0.385484997341177,0.737050749274667,0,20,0,20,2,0.0625,0.0191599314443759,0.0402757007402495,0,0.0404631141589496,NaN,0.75,0.0567542376252219,0.046875,0.0198377509224145,0.0404847862249368,0.1,400,315,1030,1030,508,522,421,66,100,66,24992,0,330,330,330,330,320,320,320,320,320,0,20
LIRCMOP7_BC,1,305,310,1,0.62,310,0,0.00249390922891045,0.00729201883095943,310,20,3,0.0162278176202691,10.3225806451613,0.344144703105544,0.844272789055958,0,20,0,20,3,0.0645161290322581,0.0249086321914107,0.0363028316444353,0,0.0384829435564261,NaN,0.65,0.0358964916713257,0.0967741935483871,0.0251639086535022,0.038496048367262,0.15,400,320,1040,1040,512,528,415,65,100,65,26192,0,325,325,325,325,310,310,310,310,310,0,20
LIRCMOP7_BC,1,306,310,1,0.62,310,0,0.00203329099417071,0.00594158932850151,310,20,3,0.0162278176202691,10.3225806451613,0.34307454082692,0.737050749274667,0,20,0,20,6,0.0645161290322581,0.0415187935612027,0.0739638043862859,0,0.074175307372972,NaN,0.65,0.0271374097031681,0.129032258064516,0.0424244360317047,0.0741854296317788,0.3,400,310,1020,1020,499,521,415,65,100,65,25302,0,325,325,325,325,310,310,310,310,310,0,20
LIRCMOP7_BC,1,307,320,1,0.64,320,0,0.00287866736339782,0.00787203538506518,320,20,3,0.0167512956080197,10,0.392260097363369,0.844272789055958,0,20,0,20,16,0.0625,0.082352402994805,0.112231452128714,0,0.112234572401872,NaN,0.65,0.0213404309259632,0.1875,0.0829493085397001,0.112247730195489,0.8,400,310,1020,1020,478,542,420,66,100,66,26637,0,330,330,330,330,320,320,320,320,320,0,20
LIRCMOP7_BC,1,308,305,1,0.61,305,0,0.00211165531998608,0.00645068982695733,305,20,3,0.0159660786263938,10.4918032786885,0.375917243979564,0.844272789055958,0,20,0,20,1,0.0655737704918033,0.0187480712323365,0.0271269240325476,0,0.0282215044328065,NaN,0.6,0.0140136890319084,0.0327868852459016,0.0216119032702031,0.0283921851967376,0.05,400,320,1040,1040,490,550,423,64,100,64,28293,0,320,320,320,320,305,305,305,305,305,0,20
LIRCMOP7_BC,1,309,305,1,0.61,305,0,0.00221405512143494,0.006647163087275,305,20,3,0.0159660786263938,10.4918032786885,0.394556947095748,0.86116365520646,0,20,0,20,4,0.0655737704918033,0.0104763779077207,0.0253951515075371,0,0.0309773185399031,NaN,0.45,-0.0068070801151088,0.114754098360656,0.015915183175934,0.031091564769238,0.2,400,305,1010,1010,475,535,416,65,100,65,26221,0,325,325,325,325,305,305,305,305,305,0,20
LIRCMOP7_BC,1,310,335,1,0.67,335,0,0.00233218166900684,0.00571516738708897,335,20,3,0.0175365125896456,9.55223880597015,0.394556947095748,0.86116365520646,0,20,0,20,1,0.0597014925373134,0.0273348451042302,0.0459657032135197,0,0.0529725328092006,NaN,0.4,-0.0105693952023939,0.0298507462686567,0.0312692683455985,0.0534956598868403,0.05,400,305,1010,1010,476,534,421,72,100,72,23369,13,360,360,360,360,335,335,335,335,335,0,20
LIRCMOP7_BC,1,311,327,1,0.66,327,0,0.00259242994083672,0.00715743431750391,327,20,3,0.0171177301994451,9.78593272171254,0.413309884991506,0.910982277490344,0,20,0,20,1,0.0611620795107034,0.0197202876704289,0.0287617828067044,0,0.0321964074771913,NaN,0.6,0.0302705922895123,0.0303030303030303,0.0216294646810779,0.0322291732568788,0.05,400,335,1070,1070,512,558,452,71,100,71,26411,18,355,355,355,355,327,327,327,327,327,0,20
LIRCMOP7_BC,1,312,300,1,0.6,300,0,0.00238663072587164,0.00645756003158254,300,20,3,0.0157043396325185,10.6666666666667,0.388791146624184,0.886072966348402,0,20,0,20,3,0.0666666666666667,0.0332316457621679,0.0563596292692315,0,0.0580718001165383,NaN,0.55,0.00180838262559213,0.1,0.0343869846364567,0.0580819110547274,0.15,400,327,1054,1054,517,537,453,67,100,67,27505,18,335,335,335,335,300,300,300,300,300,0,20
LIRCMOP7_BC,1,313,345,1,0.69,345,0,0.00163432490544839,0.00443944771226083,345,20,3,0.0180599905773962,9.27536231884058,0.396575546197003,1.01473670722474,0,20,0,20,4,0.0579710144927536,0.0229878763217262,0.0873201886477375,0,0.096541935509919,NaN,0.5,0.00281435484499426,0.115942028985507,0.0237634592714274,0.0968184429781347,0.2,400,300,1000,1000,488,512,429,74,100,74,20230,11,370,370,370,365,345,345,345,345,345,0,20
LIRCMOP7_BC,1,314,320,1,0.64,320,0,0.00222214570491902,0.00575258824557209,320,20,3,0.0167512956080197,10,0.385484997341177,0.910982277490344,0,20,0,20,2,0.0625,0.0247847649828246,0.0539427033024491,0,0.0557016745316483,NaN,0.65,0.0298284279249223,0.0625,0.0273363440876733,0.0557520729486973,0.1,400,345,1090,1090,525,565,476,72,100,72,29362,15,360,360,360,360,320,320,320,320,320,0,20
LIRCMOP7_BC,1,315,334,1,0.67,334,0,0.00227572891687747,0.00651141785230399,334,20,3,0.0174841647908705,9.58083832335329,0.370011970569739,1.01473670722474,0,20,0,20,18,0.0598802395209581,0.141733646788939,0.181708381227389,0,0.215756645690629,NaN,0.75,0.0185061143606567,0.223880597014925,0.172123834071309,0.215881726037907,0.9,400,320,1040,1040,501,539,444,72,100,72,23341,13,360,360,360,360,334,334,334,334,334,0,20
LIRCMOP7_BC,1,316,295,1,0.59,295,0,0.00257885102238996,0.00630050108282617,295,20,3,0.0154426006386431,10.8474576271186,0.342004378548296,0.910982277490344,0,20,0,20,1,0.0677966101694915,0.0095222029796905,0.0121517623021742,0,0.0243242651170194,NaN,0.5,0.00702327053620708,0.0338983050847458,0.0118142269043067,0.0243409392262285,0.05,400,334,1068,1068,531,537,473,64,100,64,30163,10,320,320,320,320,295,295,295,295,295,0,20
LIRCMOP7_BC,1,317,340,1,0.68,340,0,0.00209163190967654,0.00615268411517255,340,20,3,0.0177982515835209,9.41176470588235,0.357078336837641,0.86116365520646,0,20,0,20,10,0.0588235294117647,0.0326692193988264,0.0598451915575967,0,0.0997067730334289,NaN,0.55,0.00968198985208285,0.147058823529412,0.0686812237930413,0.0997212739428372,0.5,400,295,990,990,499,491,438,73,100,73,20989,13,365,365,365,365,340,340,340,340,340,0,20
LIRCMOP7_BC,1,318,295,1,0.59,295,0,0.00239536569805977,0.0066551545303847,295,20,3,0.0154426006386431,10.8474576271186,0.342004378548296,0.910982277490344,0,20,0,20,17,0.0677966101694915,0.0657043170546406,0.0875443757006776,0,0.120969096540793,NaN,0.45,-0.0321011460076726,0.203389830508475,0.0898230497778845,0.121038824810317,0.85,400,340,1080,1080,549,531,476,65,100,65,30072,0,325,325,325,325,295,295,295,295,295,0,20
LIRCMOP7_BC,1,319,281,1,0.57,281,0,0.00222255958530088,0.00554825906641025,281,20,3,0.0147097314557923,11.3879003558719,0.370119570214291,0.844457719972092,0,20,0,20,1,0.0711743772241993,0.0205861589363131,0.0344013326135478,0,0.0502723631719307,NaN,0.6,0.0339213246830065,0.0350877192982456,0.0275614054628569,0.0503331784076858,0.05,400,295,990,990,492,498,439,62,100,62,24476,17,310,310,310,310,281,281,281,281,281,0,20
LIRCMOP7_BC,1,320,332,1,0.67,332,0,0.00231353777049242,0.006283764130468,332,20,3,0.0173794691933204,9.63855421686747,0.370011970569739,0.845561185307067,0,20,0,20,20,0.0602409638554217,0.0598581695487958,0.071744978717919,0,0.0848800240989579,NaN,0.55,0.0110321046116161,0.26865671641791,0.0749871159360011,0.0849285101042692,1,400,281,962,962,473,489,390,71,100,71,19659,18,355,355,355,355,332,332,332,332,332,0,20
LIRCMOP7_BC,1,321,295,1,0.59,295,0,0.00214548968193223,0.0057038037891306,295,20,3,0.0154426006386431,10.8474576271186,0.370011970569739,0.86116365520646,0,20,0,20,2,0.0677966101694915,0.028333330362009,0.0418877595993972,0,0.0441656954370242,NaN,0.55,0.0247507628516517,0.0677966101694915,0.0340177327784816,0.0444046640026398,0.1,400,332,1064,1064,528,536,441,65,100,65,27051,2,325,325,325,320,295,295,295,295,295,0,20
LIRCMOP7_BC,1,322,305,1,0.61,305,0,0.00255247036257225,0.00756090286725291,305,20,3,0.0159660786263938,10.4918032786885,0.344144703105544,0.86116365520646,0,20,0,20,3,0.0655737704918033,0.0185434985407364,0.0247339661952305,0,0.0313721305977486,NaN,0.55,0.0225439638737752,0.0819672131147541,0.0215476050183036,0.0314914991809572,0.15,400,295,990,990,477,513,424,65,100,65,22747,0,325,325,325,325,305,305,305,305,305,0,20
LIRCMOP7_BC,1,323,345,1,0.69,345,0,0.00251025216677917,0.00739514751553595,345,20,3,0.0180599905773962,9.27536231884058,0.344144703105544,0.845561185307067,0,20,0,20,9,0.0579710144927536,0.0449967521614389,0.104632181417055,0,0.106875015969237,NaN,0.7,0.0477552129446303,0.202898550724638,0.0633468359956846,0.106968582355059,0.45,400,305,1010,1010,486,524,433,73,100,73,21721,0,365,365,365,365,345,345,345,345,345,0,20
LIRCMOP7_BC,1,324,346,1,0.7,346,0,0.00251992536302993,0.00693977211345905,346,20,3,0.0181123383761713,9.2485549132948,0.387944648529734,0.859603408216521,0,20,0,20,17,0.0578034682080925,0.115542167694339,0.135335271521882,0,0.136751297435911,NaN,0.65,0.0385936657085212,0.285714285714286,0.118567982326792,0.136884509589993,0.85,400,345,1090,1090,525,565,452,74,100,74,24630,7,370,370,370,370,346,346,346,346,346,0,20
LIRCMOP7_BC,1,325,325,1,0.65,325,0,0.00217793484672334,0.00730770864542762,325,20,3,0.017013034601895,9.84615384615385,0.38302534615262,0.868879788491206,0,20,0,20,8,0.0615384615384615,0.0511274345986037,0.0740612791725246,0,0.0741878458056825,NaN,0.65,0.0700278866116775,0.169230769230769,0.0515642156517983,0.0743860603597638,0.4,400,346,1092,1092,529,563,472,68,100,68,29085,0,340,340,340,340,325,325,325,325,325,0,20
LIRCMOP7_BC,1,326,345,1,0.69,345,0,0.00239393331154275,0.00624410345408754,345,20,3,0.0180599905773962,9.27536231884058,0.344144703105544,0.862240902739383,0,20,0,20,11,0.0579710144927536,0.0567930494039587,0.0966276847343591,0,0.106066644997464,NaN,0.65,0.0208779614060347,0.231884057971014,0.0579415262457462,0.10634640237797,0.55,400,325,1050,1050,499,551,460,74,100,74,24213,0,370,370,370,370,345,345,345,345,345,0,20
LIRCMOP7_BC,1,327,350,1,0.7,350,0,0.00221511486097899,0.00658671838311911,350,20,3,0.0183217295712715,9.14285714285714,0.392260097363369,0.890544679140115,0,20,0,20,18,0.0571428571428571,0.0714960395303745,0.0874830450389084,0,0.0882594610862561,NaN,0.6,0.0406668569982239,0.242857142857143,0.0724019512431039,0.0883362970077962,0.9,400,345,1090,1090,527,563,473,74,100,74,26371,0,370,370,370,370,350,350,350,350,350,0,20
LIRCMOP7_BC,1,328,340,1,0.68,340,0,0.00251370268253653,0.00724827424602881,340,20,3,0.0177982515835209,9.41176470588235,0.378469483603658,0.845009452639579,0,20,0,20,19,0.0588235294117647,0.11518863580282,0.122013254458118,0,0.129809554481096,NaN,0.4,-0.00326186859354649,0.279411764705882,0.120533031174428,0.130052090337609,0.95,400,350,1100,1100,529,571,484,74,100,74,28413,2,370,370,370,370,340,340,340,340,340,0,20
LIRCMOP7_BC,1,329,320,1,0.64,320,0,0.00220596198773043,0.00687935366368361,320,20,3,0.0167512956080197,10,0.365693446324107,0.86116365520646,0,20,0,20,2,0.0625,0.0436340377577361,0.0641216629935192,0,0.0657332982191124,NaN,0.45,-0.0940334546838121,0.0625,0.0470865593664297,0.06576661103822,0.1,400,340,1080,1080,524,556,459,72,100,72,26082,8,360,360,360,360,320,320,320,320,320,0,20
LIRCMOP7_BC,1,330,325,1,0.65,325,0,0.00225285771942007,0.00727589307607066,325,20,3,0.017013034601895,9.84615384615385,0.396575546197003,0.86116365520646,0,20,0,20,10,0.0615384615384615,0.0577719846877349,0.0888304199575306,0,0.0899931637989134,NaN,0.5,0.000139564732705988,0.169230769230769,0.0588674648420477,0.0900743619227564,0.5,400,320,1040,1040,499,541,441,73,100,73,24346,6,365,365,365,365,325,325,325,325,325,0,20
LIRCMOP7_BC,1,331,335,1,0.67,335,0,0.00211832595254019,0.00674067278510799,335,20,3,0.0175365125896456,9.55223880597015,0.373913621054696,0.86116365520646,0,20,0,20,7,0.0597014925373134,0.0449018490170946,0.0800257195272654,0,0.0813306021277792,NaN,0.6,0.00463361345405228,0.134328358208955,0.0496693631808091,0.0813578901908153,0.35,400,325,1050,1050,502,548,457,74,100,74,25642,0,370,370,370,370,335,335,335,335,335,0,20
LIRCMOP7_BC,1,332,360,1,0.72,360,0,0.00226687798815301,0.00622069577274449,360,20,3,0.0188452075590221,8.88888888888889,0.380929134792215,0.737050749274667,0,19,1,20,19,0.0555555555555556,0.10969003310194,0.118833530901021,0,0.118942871656281,NaN,0.7,0.00689660165316563,0.291666666666667,0.109988621268146,0.119067201306452,0.95,400,335,1070,1070,519,551,463,80,100,80,23939,4,400,400,400,400,360,360,360,360,360,0,20
LIRCMOP7_BC,1,333,320,1,0.64,320,0,0.00217065994572865,0.00601749343287669,320,20,3,0.0167512956080197,10,0.390006441522185,0.844457719972092,0,20,0,20,3,0.0625,0.0284729906566584,0.0409746572889196,0,0.0418442162911396,NaN,0.4,-0.0352466828926689,0.046875,0.0303394910298309,0.0420001294387787,0.15,400,360,1120,1120,547,573,497,72,100,72,32756,5,360,360,360,360,320,320,320,320,320,0,20
LIRCMOP7_BC,1,334,345,1,0.69,345,0,0.00220694674263601,0.00637959428388272,345,20,3,0.0180599905773962,9.27536231884058,0.383817861234621,0.845561185307067,0,20,0,20,5,0.0579710144927536,0.0372064044392687,0.0638738186618369,0,0.0650684642255412,NaN,0.45,-0.00273648433231416,0.130434782608696,0.0389719533540813,0.0651066746462164,0.25,400,320,1040,1040,494,546,452,76,100,76,23514,5,380,380,380,380,345,345,345,345,345,0,20
LIRCMOP7_BC,1,335,319,1,0.65,319,0,0.00196920628112048,0.00552951157942398,319,20,3,0.0166989478092446,10.0313479623824,0.373913621054696,0.844457719972092,0,20,0,20,1,0.0626959247648903,0.0474262831540606,0.054777401776386,0,0.0570057897312307,NaN,0.8,0.0515194570464328,0.0307692307692308,0.0495409622039289,0.0572428275317477,0.05,400,345,1090,1090,521,569,476,74,100,74,28779,6,370,370,370,370,319,319,319,319,319,0,20
LIRCMOP7_BC,1,336,382,1,0.77,382,0,0.00206504495327302,0.0057011724482494,382,20,3,0.0199968591320735,8.37696335078534,0.392068234514636,0.86116365520646,0,15,5,20,18,0.0523560209424084,0.0791140721237159,0.0851743874889538,0,0.0855451838725317,NaN,0.75,0.02596787458155,0.220779220779221,0.0796318550099354,0.0856034689104812,0.9,400,319,1038,1038,501,537,433,82,100,82,21260,0,410,410,410,410,382,382,382,382,382,0,20
LIRCMOP7_BC,1,337,340,1,0.68,340,0,0.00186982199281662,0.00522288315390103,340,20,3,0.0177982515835209,9.41176470588235,0.385881254882177,0.845561185307067,0,20,0,20,9,0.0588235294117647,0.0514291079580776,0.0749163742958242,0,0.0803141128262831,NaN,0.45,-0.00397237006514478,0.161764705882353,0.0518288775942669,0.0807079521396692,0.45,400,382,1164,1164,558,606,510,73,100,73,31650,0,365,365,365,365,340,340,340,340,340,0,20
LIRCMOP7_BC,1,338,385,1,0.77,385,0,0.00267522545111363,0.00706951879503929,385,20,3,0.0201539025283987,8.31168831168831,0.428309140971646,0.86116365520646,0,15,5,20,3,0.051948051948052,0.0262055419676144,0.0347841731713366,0,0.0366966630154115,NaN,0.45,-0.00823364252054343,0.038961038961039,0.0272280218392033,0.0369202904987215,0.15,400,340,1080,1080,522,558,481,80,100,80,24343,14,400,400,400,400,385,385,385,385,385,0,20
LIRCMOP7_BC,1,339,340,1,0.68,340,0,0.00198297287255256,0.00559063836943686,340,20,3,0.0177982515835209,9.41176470588235,0.395465131307722,0.868879788491206,0,20,0,20,6,0.0588235294117647,0.0280083269123625,0.0391396800499173,0,0.0423541335487948,NaN,0.35,-0.0621860846772376,0.147058823529412,0.0296311110763137,0.0426661825801606,0.3,400,385,1170,1170,559,611,516,75,100,75,31720,5,375,375,375,375,340,340,340,340,340,0,20
LIRCMOP7_BC,1,340,360,1,0.72,360,0,0.00193098145035032,0.00559065452465522,360,20,3,0.0188452075590221,8.88888888888889,0.395465131307722,0.845561185307067,0,18,2,20,6,0.0555555555555556,0.0326482854188683,0.040419189032427,0,0.0420292626494391,NaN,0.6,0.0059591148764318,0.138888888888889,0.0339541965754628,0.0422388523776379,0.3,400,340,1080,1080,525,555,472,77,100,77,25301,4,385,385,385,385,360,360,360,360,360,0,20
LIRCMOP7_BC,1,341,365,1,0.73,365,0,0.0025562660912359,0.00783352263356238,365,20,3,0.0191069465528974,8.76712328767123,0.394354716418441,0.910982277490344,0,18,2,20,11,0.0547945205479452,0.054488656706832,0.0833835345991908,0,0.0835739416505269,NaN,0.7,0.0268634181257394,0.10958904109589,0.0549723224551278,0.0836090078632913,0.55,400,360,1120,1120,529,591,482,77,100,77,27093,3,385,385,385,385,365,365,365,365,365,0,20
LIRCMOP7_BC,1,342,320,1,0.64,320,0,0.0018421913183463,0.00541106385485841,320,20,3,0.0167512956080197,10,0.395465131307722,0.845561185307067,0,20,0,20,15,0.0625,0.122841710303157,0.183644628780791,0,0.183782757610155,NaN,0.65,0.0266923091606389,0.203125,0.123284375013297,0.183854059260472,0.75,400,365,1130,1130,529,601,499,72,100,72,34357,4,360,360,360,360,320,320,320,320,320,0,20
LIRCMOP7_BC,1,343,355,1,0.71,355,0,0.00241696953082729,0.00687822177698082,355,20,3,0.0185834685651468,9.01408450704225,0.394354716418441,0.845561185307067,0,18,2,20,5,0.0563380281690141,0.0419877986322949,0.0634082292313836,0,0.0639702652804035,NaN,0.55,0.0347121617664373,0.0845070422535211,0.0422958282535314,0.0642074385193356,0.25,400,320,1040,1040,503,537,441,77,100,77,22939,0,385,385,385,385,355,355,355,355,355,0,20
LIRCMOP7_BC,1,344,340,1,0.68,340,0,0.00204271084562059,0.00541452041978197,340,20,3,0.0177982515835209,9.41176470588235,0.393211475466539,0.910982277490344,0,20,0,20,4,0.0588235294117647,0.022535587563741,0.0645067709942712,0,0.0655474240431274,NaN,0.7,0.0264125926594776,0.117647058823529,0.0233456414673449,0.0656162960974725,0.2,400,355,1110,1110,541,569,477,76,100,76,27057,23,380,380,380,380,340,340,340,340,340,0,20
LIRCMOP7_BC,1,345,350,1,0.7,350,0,0.00189691580984653,0.00633457423013669,350,20,3,0.0183217295712715,9.14285714285714,0.406582546804623,0.91985798210338,0,20,0,20,8,0.0571428571428571,0.0398493874067417,0.0948566306564316,0,0.0957550920161809,NaN,0.7,0.0365096083057757,0.128571428571429,0.0428835436500286,0.0958473349268551,0.4,400,340,1080,1080,519,561,457,74,100,74,24617,16,370,370,370,370,350,350,350,350,350,0,20
LIRCMOP7_BC,1,346,330,1,0.66,330,0,0.00204204896196283,0.00551444378887525,330,20,3,0.0172747735957703,9.6969696969697,0.39432189035582,0.928733686716417,0,20,0,20,1,0.0606060606060606,0.0337109264697939,0.0511027058015985,0,0.0511027058015985,NaN,0.6,0.0219579488141081,0.0303030303030303,0.0341308799450131,0.0513310639738817,0.05,400,350,1100,1100,529,571,463,72,100,72,27837,2,360,360,360,360,330,330,330,330,330,0,20
LIRCMOP7_BC,1,347,340,1,0.68,340,0,0.00199418310705222,0.00574124828715142,340,20,3,0.0177982515835209,9.41176470588235,0.39432189035582,0.928733686716417,0,20,0,20,4,0.0588235294117647,0.0288481253649905,0.0427731222060472,0,0.0433960291122239,NaN,0.7,0.0035268474964025,0.0882352941176471,0.0292618927961776,0.043475286990968,0.2,400,330,1060,1060,493,567,444,75,100,75,24053,2,375,375,375,375,340,340,340,340,340,0,20
LIRCMOP7_BC,1,348,320,1,0.64,320,0,0.00204673046823283,0.0056700676656392,320,20,3,0.0167512956080197,10,0.406582546804623,0.928733686716417,0,20,0,20,8,0.0625,0.0464068150432137,0.0716407994636594,0,0.0724915981844421,NaN,0.7,0.0217014747742343,0.125,0.0481532705586704,0.0725324274695773,0.4,400,340,1080,1080,533,547,459,71,100,71,25653,4,355,355,355,350,320,320,320,320,320,0,20
LIRCMOP7_BC,1,349,330,1,0.66,330,0,0.00209028159415684,0.00694851793248247,330,20,3,0.0172747735957703,9.6969696969697,0.383661995188078,0.928733686716417,0,20,0,20,0,0.0606060606060606,0.0114844758247376,0.030300095995435,0,0.0306552251352396,NaN,0.65,0.0436977305243872,0,0.011988333702988,0.0309456590925299,0,400,320,1040,1040,504,536,446,71,100,71,24117,0,355,355,355,355,330,330,330,330,330,0,20
LIRCMOP7_BC,1,350,345,1,0.69,345,0,0.00228960183058944,0.00724652220262275,345,20,3,0.0180599905773962,9.27536231884058,0.387944648529734,1.04893199033487,0,20,0,20,2,0.0579710144927536,0.017340067671467,0.0461399878706171,0,0.0513828241757006,NaN,0.65,0.0403094588524172,0.0579710144927536,0.0175691867808777,0.0517541107352911,0.1,400,330,1060,1060,516,544,458,75,100,75,23630,3,375,375,375,375,345,345,345,345,345,0,20
LIRCMOP7_BC,1,351,335,1,0.67,335,0,0.00227783839061605,0.00650270286746118,335,20,3,0.0175365125896456,9.55223880597015,0.392068234514636,0.928733686716417,0,20,0,20,2,0.0597014925373134,0.0240200155828478,0.0429110638982494,0,0.0448211346857604,NaN,0.6,0.0408199443611429,0.0597014925373134,0.0243895215631032,0.0449775833177046,0.1,400,345,1090,1090,527,563,445,74,100,74,25274,2,370,370,370,370,335,335,335,335,335,0,20
LIRCMOP7_BC,1,352,340,1,0.68,340,0,0.00205596240849816,0.00637514056991843,340,20,3,0.0177982515835209,9.41176470588235,0.385803321858906,0.928733686716417,0,20,0,20,5,0.0588235294117647,0.0291048503361247,0.0436949558340967,0,0.0448355650483412,NaN,0.5,-0.00131919004342645,0.117647058823529,0.0315626642259968,0.0449049474030384,0.25,400,335,1070,1070,515,555,454,76,100,76,24425,0,380,380,380,380,340,340,340,340,340,0,20
LIRCMOP7_BC,1,353,360,1,0.72,360,0,0.00229856576611571,0.0080248175354997,360,20,3,0.0188452075590221,8.88888888888889,0.366020139906296,0.708264636004599,0,19,1,20,12,0.0555555555555556,0.0668123010146028,0.0898864168012613,0,0.0909194786317113,NaN,0.65,0.0386485651714469,0.166666666666667,0.0689084305220759,0.0910858423207217,0.6,400,340,1080,1080,525,555,454,79,100,79,25027,10,395,395,395,395,360,360,360,360,360,0,20
LIRCMOP7_BC,1,354,375,1,0.75,375,0,0.00219617853859039,0.00669335854462624,375,20,3,0.0196304245406481,8.53333333333333,0.374023561676017,0.819383280878378,0,17,3,20,4,0.0533333333333333,0.0261802726304956,0.0495502111363363,0,0.0502738545697625,NaN,0.75,0.087293298781815,0.0666666666666667,0.0265794325481113,0.0503247088841009,0.2,400,360,1120,1120,537,583,481,80,100,80,25846,0,400,400,400,400,375,375,375,375,375,0,20
LIRCMOP7_BC,1,355,355,1,0.71,355,0,0.00208403061981202,0.00624617581516354,355,20,3,0.0185834685651468,9.01408450704225,0.361267322433922,0.868879788491206,0,19,1,20,2,0.0563380281690141,0.0258599568028608,0.0432420499595156,0,0.0439502986697663,NaN,0.8,0.0815598087046613,0.0422535211267606,0.0271142456254546,0.044015171545988,0.1,400,375,1150,1150,550,600,504,77,100,77,30051,7,385,385,385,385,355,355,355,355,355,0,20
LIRCMOP7_BC,1,356,370,1,0.74,370,0,0.00212552352493592,0.00655193988127833,370,20,3,0.0193686855467728,8.64864864864865,0.370446263796481,0.910233553775004,0,17,3,20,0,0.0540540540540541,0.0297624924464819,0.045471595001458,0,0.0459595062232702,NaN,0.7,0.0493647242215207,0,0.0300132925881754,0.045992539783039,0,400,355,1110,1110,541,569,483,80,100,80,25813,0,400,400,400,400,370,370,370,370,370,0,20
LIRCMOP7_BC,1,357,390,1,0.78,390,0,0.00212565060632845,0.00583365302244863,390,20,3,0.020415641522274,8.2051282051282,0.383661995188078,0.866857512457833,0,15,5,20,9,0.0512820512820513,0.0357920069903096,0.0910984595795694,0,0.0917965504966747,NaN,0.7,0.032591659851258,0.115384615384615,0.0379541737946437,0.091839210280726,0.45,400,370,1140,1140,539,601,497,83,100,83,27094,1,415,415,415,415,390,390,390,390,390,0,20
LIRCMOP7_BC,1,358,376,1,0.76,376,0,0.00273785382523941,0.00778606854784041,376,20,3,0.0196827723394231,8.51063829787234,0.372071565945154,0.897340367532092,0,18,2,20,2,0.0531914893617021,0.0336161100174256,0.0480460274047744,0,0.0488048097855935,NaN,0.6,0.0160296781064192,0.0526315789473684,0.0345099934395585,0.0488535741818608,0.1,400,390,1180,1180,557,623,508,81,100,81,29594,8,405,405,405,405,376,376,376,376,376,0,20
LIRCMOP7_BC,1,359,323,1,0.66,323,0,0.00229128482831541,0.00625989473850459,323,20,3,0.0169083390043449,9.90712074303406,0.374023561676017,0.866857512457833,0,20,0,20,5,0.0619195046439628,0.0345271506585573,0.058540012618039,0,0.0589931619669583,NaN,0.7,0.0933097255076947,0.136363636363636,0.0348157694602783,0.0591120241455558,0.25,400,376,1152,1152,543,609,476,71,100,71,31230,0,355,355,355,351,323,323,323,323,323,0,20
LIRCMOP7_BC,1,360,371,1,0.75,371,0,0.0019803750343952,0.00588195767482559,371,20,3,0.0194210333455478,8.62533692722372,0.392068234514636,0.78518198171041,0,19,1,20,2,0.0539083557951483,0.0401446123093193,0.0612362261357273,0,0.0614022713488063,NaN,0.55,0.00395090378204654,0.0533333333333333,0.0409934975811659,0.0614185435911497,0.1,400,323,1046,1046,497,549,434,79,100,79,22299,0,395,395,395,395,371,371,371,371,371,0,20
LIRCMOP7_BC,1,361,347,1,0.7,347,0,0.00191536400375287,0.00519638112062706,347,20,3,0.0181646861749463,9.22190201729107,0.374023561676017,0.753418514977797,0,20,0,20,7,0.0576368876080692,0.0510271084104364,0.0758158940719109,0,0.0760021954560617,NaN,0.7,0.0346428749973761,0.114285714285714,0.0518529016927434,0.0761086082538185,0.35,400,371,1142,1142,537,605,490,74,100,74,30721,0,370,370,370,370,347,347,347,347,347,0,20
LIRCMOP7_BC,1,362,342,1,0.69,342,0,0.00215827224228093,0.00582809850574711,342,20,3,0.017902947181071,9.35672514619883,0.402298498943567,0.866857512457833,0,20,0,20,0,0.0584795321637427,0.0125614966763756,0.0220904007358939,0,0.0250391456997845,NaN,0.7,0.0689415472982575,0,0.0173358556070798,0.0253415503544822,0,400,347,1094,1094,509,585,463,73,100,73,26626,4,365,365,365,365,342,342,342,342,342,0,20
LIRCMOP7_BC,1,363,385,1,0.77,385,0,0.00241613289649833,0.00751477180490827,385,20,3,0.0201539025283987,8.31168831168831,0.383661995188078,0.693113206161989,0,19,1,20,1,0.051948051948052,0.0168169947587724,0.0362117744165602,0,0.0416672887228482,NaN,0.8,0.0224936809991613,0.025974025974026,0.0204115808840915,0.0419906451550807,0.05,400,342,1084,1084,505,579,449,80,100,80,23603,0,400,400,400,400,385,385,385,385,385,0,20
LIRCMOP7_BC,1,364,380,1,0.76,380,0,0.00257455527526912,0.00678034722514857,380,20,3,0.0198921635345234,8.42105263157895,0.385803321858906,0.866857512457833,0,19,1,20,11,0.0526315789473684,0.0662852853554254,0.0791503548847305,0,0.0791503548847305,NaN,0.65,0.0128565177195526,0.144736842105263,0.0673337084302176,0.079166928141772,0.55,400,385,1170,1170,540,630,479,80,100,80,28334,0,400,400,400,400,380,380,380,380,380,0,20
LIRCMOP7_BC,1,365,395,1,0.79,395,0,0.00267501748328981,0.00727788523901929,395,20,3,0.0206773805161493,8.10126582278481,0.383661995188078,0.866857512457833,0,16,4,20,9,0.0506329113924051,0.0514926363026501,0.0667753510795155,0,0.0667753510795155,NaN,0.5,-0.00265241678905076,0.139240506329114,0.0521533235847736,0.066834932871806,0.45,400,380,1160,1160,529,631,491,83,100,83,28338,0,415,415,415,415,395,395,395,395,395,0,20
LIRCMOP7_BC,1,366,365,1,0.73,365,0,0.00159242165257786,0.00553059150625683,365,20,3,0.0191069465528974,8.76712328767123,0.374023561676017,0.866857512457833,0,20,0,20,2,0.0547945205479452,0.0164638102193787,0.0307818585173785,0,0.0331238921299464,NaN,0.55,0.00886095725932395,0.0547945205479452,0.0174515914941496,0.0333549967135148,0.1,400,395,1190,1190,557,633,509,77,100,77,32355,0,385,385,385,385,365,365,365,365,365,0,20
LIRCMOP7_BC,1,367,397,1,0.8,397,0,0.00222491145991368,0.00634299478164827,397,20,3,0.0207820761136994,8.06045340050378,0.392068234514636,0.923740916604634,0,16,4,20,3,0.0503778337531486,0.0263093932776145,0.0327554855862027,0,0.0406693639487887,NaN,0.75,0.0418927993971611,0.05,0.0284961793951498,0.0409665709126329,0.15,400,365,1130,1130,520,610,481,83,100,83,26820,0,415,415,415,415,397,397,397,397,397,0,20
LIRCMOP7_BC,1,368,390,1,0.78,390,0,0.00222580307519386,0.00688833143426157,390,20,3,0.020415641522274,8.2051282051282,0.359285660410362,0.768494842181748,0,18,2,20,1,0.0512820512820513,0.0226533827873631,0.0367457328810865,0,0.0417883236757044,NaN,0.6,0.0401687364747082,0.0256410256410256,0.026249577089976,0.0418126711974651,0.05,400,397,1194,1194,556,638,511,81,100,81,31782,0,405,405,405,405,390,390,390,390,390,0,20
LIRCMOP7_BC,1,369,380,1,0.76,380,0,0.00194960318252189,0.00658143577551173,380,20,3,0.0198921635345234,8.42105263157895,0.387944648529734,0.900727351429231,0,19,1,20,2,0.0526315789473684,0.0152107215398457,0.0273262205570052,0,0.0304672198594771,NaN,0.5,-0.00374942256641764,0.0526315789473684,0.015967461840628,0.030622662546665,0.1,400,390,1180,1180,549,631,497,80,100,80,29716,0,400,400,400,395,380,380,380,380,380,0,20
LIRCMOP7_BC,1,370,386,1,0.78,386,0,0.00163663087570281,0.00537564453791808,386,20,3,0.0202062503271737,8.29015544041451,0.378474761364937,0.866857512457833,0,18,2,20,2,0.0518134715025907,0.0120265898833738,0.0275373317568173,0,0.0294370983606158,NaN,0.55,0.00355676458006812,0.0512820512820513,0.0150682060547191,0.0297536653457752,0.1,400,380,1160,1160,534,626,467,82,100,82,26465,9,410,410,410,405,386,386,386,386,386,0,20
LIRCMOP7_BC,1,371,375,1,0.75,375,0,0.00200909202373044,0.00636648063451332,375,20,3,0.0196304245406481,8.53333333333333,0.374023561676017,0.900727351429231,0,20,0,20,1,0.0533333333333333,0.0210549205771381,0.0450468324868057,0,0.0514131262601907,NaN,0.5,0.00143063857646947,0.0266666666666667,0.0278948786555479,0.0515037665771891,0.05,400,386,1172,1172,544,628,498,80,100,80,28918,0,400,400,400,400,375,375,375,375,375,0,20
LIRCMOP7_BC,1,372,357,1,0.72,357,0,0.00201154698451374,0.00595180013770688,357,20,3,0.018688164162697,8.96358543417367,0.359285660410362,0.868879788491206,0,20,0,20,5,0.0560224089635854,0.0170989319146442,0.0222051558789104,0,0.0584712859151654,NaN,0.65,0.0535197000024552,0.125,0.0365279836203606,0.0586152379203297,0.25,400,375,1150,1150,528,622,490,73,100,73,30966,6,365,365,365,365,357,357,357,357,357,0,20
LIRCMOP7_BC,1,373,395,1,0.79,395,0,0.00236901498527607,0.00739926383105966,395,20,3,0.0206773805161493,8.10126582278481,0.378474761364937,0.868879788491206,0,20,0,20,0,0.0506329113924051,0.0133103259238696,0.0205494116430749,0,0.0243070896714827,NaN,0.8,0.0323867334008537,0,0.0160908030347079,0.0245527024181219,0,400,357,1114,1114,511,603,473,80,100,80,26301,10,400,400,400,400,395,395,395,395,395,0,20
LIRCMOP7_BC,1,374,401,1,0.81,401,0,0.00252653707884112,0.00800005387567255,401,20,3,0.0209914673087997,7.98004987531172,0.392068234514636,0.900727351429231,0,18,2,20,6,0.0498753117206983,0.0251824832974743,0.042733486591582,0,0.069114688092581,NaN,0.55,0.0125962905772491,0.0987654320987654,0.046464894830284,0.0706327922982606,0.3,400,395,1190,1190,548,642,510,83,100,83,29572,15,415,415,415,415,401,401,401,401,401,0,20
LIRCMOP7_BC,1,375,412,1,0.83,412,0,0.00174698131715028,0.0048492187774584,412,20,3,0.0215672930953253,7.76699029126214,0.387865114851357,0.866857512457833,0,17,3,20,7,0.0485436893203883,0.0123299048127192,0.0541037350880415,0,0.0634453561664668,NaN,0.55,0.00990562695798949,0.120481927710843,0.0423131095159244,0.0634908830567889,0.35,400,401,1202,1202,560,642,513,86,100,86,30236,20,430,430,430,430,412,412,412,412,412,0,20
LIRCMOP7_BC,1,376,345,1,0.69,345,0,0.0019056793538405,0.00593439584580279,345,20,3,0.0180599905773962,9.27536231884058,0.374023561676017,0.784950941014946,0,20,0,20,2,0.0579710144927536,0.0173303660532873,0.0274815385095715,0,0.0325800027700431,NaN,0.55,0.022961412214973,0.0579710144927536,0.0247822537560836,0.0328710547160896,0.1,400,412,1224,1224,560,664,520,73,100,73,36778,11,365,365,365,365,345,345,345,345,345,0,20
LIRCMOP7_BC,1,377,410,1,0.82,410,0,0.00254994613353948,0.00697258989672111,410,20,3,0.0214625974977752,7.80487804878049,0.372071565945154,0.900727351429231,0,17,3,20,5,0.0487804878048781,0.0227481098215,0.0287379225659864,0,0.034767228103267,NaN,0.65,0.0102111052447382,0.0975609756097561,0.0269589263742509,0.0358331351084866,0.25,400,345,1090,1090,503,587,459,86,100,86,24662,6,430,430,430,430,410,410,410,410,410,0,20
LIRCMOP7_BC,1,378,385,1,0.77,385,0,0.00224940765194573,0.00643805523675212,385,20,3,0.0201539025283987,8.31168831168831,0.378474761364937,0.846869659453942,0,20,0,20,7,0.051948051948052,0.0192403233800582,0.0408673451423077,0,0.0851215941375728,NaN,0.55,0.000241554739243421,0.155844155844156,0.0555557894560355,0.0854371480531968,0.35,400,410,1220,1220,563,657,526,83,100,83,31710,15,415,415,415,410,385,385,385,385,385,0,20
LIRCMOP7_BC,1,379,400,1,0.8,400,0,0.00162779661779286,0.00477005805869781,400,20,3,0.0209391195100246,8,0.442098315790255,0.900727351429231,0,19,1,20,1,0.05,0.0210969226656975,0.0333285393365875,0,0.0385172951445812,NaN,0.45,-0.000686448898408909,0.025,0.0251049785257314,0.0390310358008683,0.05,400,385,1170,1170,540,630,500,84,100,84,29324,27,420,420,420,420,400,400,400,400,400,0,20
LIRCMOP7_BC,1,380,400,1,0.8,400,0,0.00187740624159803,0.00607115596523816,400,20,3,0.0209391195100246,8,0.361493949984087,0.883792431943532,0,20,0,20,3,0.05,0.0202285586277472,0.060521011072371,0,0.08469587084563,NaN,0.55,0.0137466873500722,0.075,0.0210874854549087,0.0848596801670446,0.15,400,400,1200,1200,564,636,519,83,100,83,31054,16,415,415,415,415,400,400,400,400,400,0,20
LIRCMOP7_BC,1,381,360,1,0.72,360,0,0.0019242081969268,0.00612942712977799,360,20,3,0.0188452075590221,8.88888888888889,0.378474761364937,0.88629407739276,0,20,0,20,1,0.0555555555555556,0.0141948922619316,0.0217721502509798,0,0.0276684436361684,NaN,0.6,0.0542129610660012,0.0277777777777778,0.0195854064838851,0.0280859683332626,0.05,400,400,1200,1200,559,641,511,76,100,76,31634,0,380,380,380,380,360,360,360,360,360,0,20
LIRCMOP7_BC,1,382,370,1,0.74,370,0,0.00232369783588753,0.00661884340997898,370,20,3,0.0193686855467728,8.64864864864865,0.387944648529734,0.900727351429231,0,20,0,20,1,0.0540540540540541,0.0124593661976576,0.0237575441350309,0,0.0352156962532712,NaN,0.6,0.0415254647390337,0.027027027027027,0.0151172779496256,0.0356319815162745,0.05,400,360,1120,1120,525,595,481,79,100,79,27614,0,395,395,395,395,370,370,370,370,370,0,20
LIRCMOP7_BC,1,383,403,1,0.81,403,0,0.00207205837614523,0.006315315926469,403,20,3,0.0210961629063498,7.94044665012407,0.37324593499351,0.902628591898385,0,18,2,20,2,0.0496277915632754,0.0144436551513067,0.0200118950322581,0,0.0306971840883459,NaN,0.55,0.0417118429283262,0.0493827160493827,0.0182443819210001,0.0307235474347744,0.1,400,370,1140,1140,540,600,489,82,100,82,26433,0,410,410,410,410,403,403,403,403,403,0,20
LIRCMOP7_BC,1,384,410,1,0.82,410,0,0.00193470837034786,0.00620893165861798,410,20,3,0.0214625974977752,7.80487804878049,0.378474761364937,0.910233553775004,0,18,2,20,1,0.0487804878048781,0.0131598093184571,0.022840436262758,0,0.0340258453036983,NaN,0.65,0.0359818229685809,0.024390243902439,0.023289012102084,0.0344136654833115,0.05,400,403,1206,1206,572,634,530,84,100,84,30211,0,420,420,420,420,410,410,410,410,410,0,20
LIRCMOP7_BC,1,385,386,1,0.78,386,0,0.00193739683798413,0.00568217609254505,386,20,3,0.0202062503271737,8.29015544041451,0.378474761364937,0.910233553775004,0,20,0,20,1,0.0518134715025907,0.0221684435935166,0.03941740948344,0,0.0426393949109451,NaN,0.4,-0.0103115699178027,0.0256410256410256,0.025692816218773,0.0433348290395186,0.05,400,410,1220,1220,569,651,517,80,100,80,31563,0,400,400,400,400,386,386,386,386,386,0,20
LIRCMOP7_BC,1,386,392,1,0.79,392,0,0.00244743859286372,0.00660751369148303,392,20,3,0.0205203371198241,8.16326530612245,0.374023561676017,0.952818875647466,0,20,0,20,5,0.0510204081632653,0.0381631319779654,0.0472740337466991,0,0.0559101087782394,NaN,0.35,-0.0112085686140189,0.126582278481013,0.0414785705731588,0.0569220698836828,0.25,400,386,1172,1172,552,620,501,80,100,80,29640,0,400,400,400,400,392,392,392,392,392,0,20
LIRCMOP7_BC,1,387,400,1,0.8,400,0,0.00184686840177541,0.00573880975014605,400,20,3,0.0209391195100246,8,0.376249161520477,0.910233553775004,0,20,0,20,1,0.05,0.0220270131466581,0.0254007922015181,0,0.0332403503325832,NaN,0.35,-0.0269447533597634,0.025,0.0263277602125104,0.0332699573041636,0.05,400,392,1184,1184,544,640,496,81,100,81,29247,1,405,405,405,405,400,400,400,400,400,0,20
LIRCMOP7_BC,1,388,382,1,0.77,382,0,0.00246373368678783,0.00771782799982686,382,20,3,0.0199968591320735,8.37696335078534,0.383661995188078,0.910233553775004,0,20,0,20,2,0.0523560209424084,0.0145825902709265,0.0184565911261467,0,0.0376069052762994,NaN,0.25,-0.0552962243011625,0.051948051948052,0.0155964928689403,0.0376532362413416,0.1,400,400,1200,1200,557,643,520,81,100,81,30967,2,405,405,405,405,382,382,382,382,382,0,20
LIRCMOP7_BC,1,389,390,1,0.78,390,0,0.00193789029306301,0.00593939816170914,390,20,3,0.020415641522274,8.2051282051282,0.387944648529734,0.952818875647466,0,20,0,20,1,0.0512820512820513,0.0114968483227817,0.0254967397902012,0,0.0411133127636466,NaN,0.3,-0.0159148818414146,0.0256410256410256,0.0178636252073854,0.0411310233553129,0.05,400,382,1164,1164,545,619,502,83,100,83,28185,0,415,415,415,415,390,390,390,390,390,0,20
LIRCMOP7_BC,1,390,405,1,0.81,405,0,0.00191146695358447,0.00535784565492345,405,20,3,0.0212008585038999,7.90123456790123,0.403578380924986,0.910233553775004,0,18,2,20,9,0.0493827160493827,0.0376699899414781,0.0589207709432106,0,0.0816086108540504,NaN,0.35,-0.00530926732032988,0.0987654320987654,0.0569539703197361,0.0833261043562875,0.45,400,390,1180,1180,553,627,493,86,100,86,28106,6,430,430,430,430,405,405,405,405,405,0,20
LIRCMOP7_BC,1,391,370,1,0.74,370,0,0.00213839442449884,0.00682342961498867,370,20,3,0.0193686855467728,8.64864864864865,0.381068378276508,0.900727351429231,0,20,0,20,8,0.0540540540540541,0.0332055058405508,0.0475459311217929,0,0.0816274502012533,NaN,0.45,-0.0303550754722038,0.148648648648649,0.0525649435430479,0.0816383027225205,0.4,400,405,1210,1210,564,646,518,77,100,77,33909,0,385,385,385,385,370,370,370,370,370,0,20
LIRCMOP7_BC,1,392,400,1,0.8,400,0,0.00239353801498125,0.00754634335013167,400,20,3,0.0209391195100246,8,0.410216791141112,0.883792431943532,0,20,0,20,6,0.05,0.0267284838366211,0.0596803652553937,0,0.0785281955907069,NaN,0.6,0.0123478865347086,0.1125,0.0419488854062135,0.0814084375559287,0.3,400,370,1140,1140,529,611,488,84,100,84,26984,7,420,420,420,420,400,400,400,400,400,0,20
LIRCMOP7_BC,1,393,385,1,0.77,385,0,0.0020614499955056,0.00620680999221452,385,20,3,0.0201539025283987,8.31168831168831,0.403578380924986,0.910233553775004,0,20,0,20,7,0.051948051948052,0.0180531020467545,0.0401567034029848,0,0.0645889559967656,NaN,0.6,0.0218857474829595,0.155844155844156,0.0287321483660958,0.0688903632724313,0.35,400,400,1200,1200,557,643,522,81,100,81,32185,4,405,405,405,405,385,385,385,385,385,0,20
LIRCMOP7_BC,1,394,380,1,0.76,380,0,0.00180447326331591,0.00526624884978255,380,20,3,0.0198921635345234,8.42105263157895,0.390006441522185,0.900727351429231,0,20,0,20,7,0.0526315789473684,0.0354188938671914,0.0635826398891721,0,0.0857509657497563,NaN,0.4,-0.0115885946568071,0.118421052631579,0.0479602213830958,0.085772674006776,0.35,400,385,1170,1170,550,620,510,81,100,81,28458,6,405,405,405,405,380,380,380,380,380,0,20
LIRCMOP7_BC,1,395,390,1,0.78,390,0,0.00228974944678012,0.00696152257644111,390,20,3,0.020415641522274,8.2051282051282,0.410216791141112,1.04893199033487,0,20,0,20,6,0.0512820512820513,0.0413716107774461,0.0573986265710375,0,0.0697668174336288,NaN,0.45,-0.00598149522748803,0.128205128205128,0.0502694815394825,0.069909487166897,0.3,400,380,1160,1160,532,628,492,82,100,82,29068,8,410,410,410,410,390,390,390,390,390,0,20
LIRCMOP7_BC,1,396,385,1,0.77,385,0,0.00240716281735614,0.00739138948152961,385,20,3,0.0201539025283987,8.31168831168831,0.403578380924986,0.910233553775004,0,20,0,20,0,0.051948051948052,0.0123426776439904,0.0185852699798413,0,0.0217689119075378,NaN,0.45,-0.0040742773687073,0,0.015754472368352,0.0220700395843661,0,400,390,1180,1180,554,626,510,81,100,81,29844,16,405,405,405,405,385,385,385,385,385,0,20
LIRCMOP7_BC,1,397,390,1,0.78,390,0,0.00198663874245264,0.00639742157090456,390,20,3,0.020415641522274,8.2051282051282,0.415026651170888,0.910233553775004,0,20,0,20,5,0.0512820512820513,0.0255291648815971,0.0414467732004636,0,0.0612968879700249,NaN,0.5,-0.00582201448454073,0.0897435897435897,0.0367391411834408,0.0613275412797075,0.25,400,385,1170,1170,552,618,511,83,100,83,28932,0,415,415,415,415,390,390,390,390,390,0,20
LIRCMOP7_BC,1,398,420,1,0.84,420,0,0.00231728353605254,0.00730935985290438,420,20,3,0.0219860754855258,7.61904761904762,0.381068378276508,0.927117757312042,0,16,4,20,3,0.0476190476190476,0.0180493595208913,0.0290882576871785,0,0.0486053737502428,NaN,0.6,0.00379970190558959,0.0714285714285714,0.0303481945752548,0.0488479565643917,0.15,400,390,1180,1180,567,613,513,87,100,87,28128,0,435,435,435,435,420,420,420,420,420,0,20
LIRCMOP7_BC,1,399,425,1,0.85,425,0,0.00255021518851969,0.00735400139117082,425,20,3,0.0222478144794011,7.52941176470588,0.392068234514636,0.900727351429231,0,15,5,20,3,0.0470588235294118,0.0227910647882271,0.0305090195784469,0,0.0339081764174211,NaN,0.6,0.0064579782114757,0.0352941176470588,0.024673994839754,0.0341975429527206,0.15,400,420,1240,1240,578,662,539,88,100,88,32248,0,440,440,440,440,425,425,425,425,425,0,20
LIRCMOP7_BC,1,400,407,1,0.82,407,0,0.00218413165377122,0.0073381351747332,407,20,3,0.02130555410145,7.86240786240786,0.403578380924986,0.866857512457833,0,18,2,20,2,0.0491400491400491,0.0394296019115061,0.0461692428059871,0,0.0564554893792412,NaN,0.35,-0.0131518198991684,0.0487804878048781,0.0430337465984339,0.0567905103695301,0.1,400,425,1250,1250,594,656,544,84,100,84,32322,0,420,420,420,420,407,407,407,407,407,0,20
LIRCMOP7_BC,1,401,370,1,0.74,370,0,0.00187148668209256,0.00539424589348477,370,20,3,0.0193686855467728,8.64864864864865,0.390006441522185,0.910233553775004,0,20,0,20,2,0.0540540540540541,0.0358603051706049,0.0440994303592597,0,0.049214759232022,NaN,0.5,0.00043972403492834,0.0540540540540541,0.0384235000001933,0.0494395554842095,0.1,400,407,1214,1214,580,634,525,80,100,80,32534,0,400,400,400,400,370,370,370,370,370,0,20
LIRCMOP7_BC,1,402,400,1,0.8,400,0,0.00235676285286953,0.00710547555686358,400,20,3,0.0209391195100246,8,0.415026651170888,1.2268589399443,0,20,0,20,4,0.05,0.0168028515498099,0.0352077617995957,0,0.072319255167482,NaN,0.55,0.00340323738116807,0.0875,0.0190299627127758,0.072784104111698,0.2,400,370,1140,1140,540,600,488,84,100,84,26110,6,420,420,420,420,400,400,400,400,400,0,20
LIRCMOP7_BC,1,403,405,1,0.81,405,0,0.002302003786004,0.00711805347879269,405,20,3,0.0212008585038999,7.90123456790123,0.392068234514636,0.927117757312042,0,19,1,20,1,0.0493827160493827,0.0164791394267095,0.0238143673561584,0,0.0265170250962735,NaN,0.45,-0.00643561433561335,0.0246913580246914,0.0191107732583815,0.0266846709169853,0.05,400,400,1200,1200,580,620,526,83,100,83,30332,12,415,415,415,415,405,405,405,405,405,0,20
LIRCMOP7_BC,1,404,400,1,0.8,400,0,0.00241174130524314,0.0075146662950995,400,20,3,0.0209391195100246,8,0.385803321858906,0.905480452602118,0,20,0,20,0,0.05,0.037089340145673,0.0443437459342227,0,0.0487384225407794,NaN,0.55,0.00939904242145032,0,0.0430084357888937,0.0491323617952987,0,400,405,1210,1210,577,633,509,82,100,82,30496,15,410,410,410,410,400,400,400,400,400,0,20
LIRCMOP7_BC,1,405,355,1,0.71,355,0,0.00180742807821569,0.00600064335850157,355,20,3,0.0185834685651468,9.01408450704225,0.403578380924986,0.900727351429231,0,20,0,20,2,0.0563380281690141,0.0413216436873422,0.0466988348591671,0,0.0562508640114989,NaN,0.5,-0.000130694612143489,0.0563380281690141,0.0466728681698049,0.0565294437314056,0.1,400,400,1200,1200,567,633,511,74,100,74,32780,20,370,370,370,370,355,355,355,355,355,0,20
LIRCMOP7_BC,1,406,370,1,0.74,370,0,0.00183819495931411,0.00594167669733649,370,20,3,0.0193686855467728,8.64864864864865,0.410216791141112,1.08911108306247,0,20,0,20,5,0.0540540540540541,0.034194991315748,0.0576428065948235,0,0.0962621147929121,NaN,0.5,0.00755613166379587,0.121621621621622,0.0391251886094992,0.0968163859420303,0.25,400,355,1110,1110,506,604,465,80,100,80,25915,25,400,400,400,400,370,370,370,370,370,0,20
LIRCMOP7_BC,1,407,352,1,0.71,352,0,0.00174865223729617,0.0049182239677989,352,20,3,0.0184264251688217,9.09090909090909,0.403578380924986,0.918436866051983,0,20,0,20,2,0.0568181818181818,0.0130687610566848,0.0308531149035345,0,0.0800304148102528,NaN,0.6,0.0196265665282783,0.0563380281690141,0.015557116747306,0.0807271460391076,0.1,400,370,1140,1140,519,621,481,78,100,78,28097,39,390,390,390,385,352,352,352,352,352,0,20
LIRCMOP7_BC,1,408,385,1,0.77,385,0,0.00201655372257121,0.00557411586099407,385,20,3,0.0201539025283987,8.31168831168831,0.389974261428573,1.08911108306247,0,20,0,20,10,0.051948051948052,0.00510028802770934,0.106853919483713,0,0.176511912833299,NaN,0.5,-1.63783141217677e-05,0.207792207792208,0.00599393839420281,0.177031143601064,0.5,400,352,1104,1104,507,597,449,81,100,81,24152,15,405,405,405,405,385,385,385,385,385,0,20
LIRCMOP7_BC,1,409,395,1,0.79,395,0,0.00230753335495242,0.00720898195993265,395,20,3,0.0206773805161493,8.10126582278481,0.439306845783661,1.36460679682614,0,20,0,20,7,0.0506329113924051,0.0218395853778709,0.0439715179289401,0,0.0889860455489242,NaN,0.65,0.0149741982321963,0.139240506329114,0.0543154080236719,0.0892837009400397,0.35,400,385,1170,1170,527,643,479,82,100,82,27697,0,410,410,410,410,395,395,395,395,395,0,20
LIRCMOP7_BC,1,410,360,1,0.72,360,0,0.00206185433442537,0.00647064509257173,360,20,3,0.0188452075590221,8.88888888888889,0.39576151472736,1.13068432874387,0,20,0,20,2,0.0555555555555556,0.0104121628226183,0.0134973685380862,0,0.0403430457963338,NaN,0.45,-0.0211690800662858,0.0555555555555556,0.0229259315618411,0.0404631360601775,0.1,400,395,1190,1190,543,647,491,76,100,76,32525,0,380,380,380,375,360,360,360,360,360,0,20
LIRCMOP7_BC,1,411,375,1,0.75,375,0,0.00233940652695062,0.00713637630610179,375,20,3,0.0196304245406481,8.53333333333333,0.403578380924986,1.36460679682614,0,20,0,20,6,0.0533333333333333,0.0301159756408223,0.198510753367002,0,0.267139339471929,NaN,0.6,0.019941196869075,0.146666666666667,0.0341432179198405,0.267854433662337,0.3,400,360,1120,1120,507,613,460,79,100,79,25666,0,395,395,395,395,375,375,375,375,375,0,20
LIRCMOP7_BC,1,412,390,1,0.78,390,0,0.00196741084955863,0.00559350685617277,390,20,3,0.020415641522274,8.2051282051282,0.384787108518183,1.08911108306247,0,20,0,20,2,0.0512820512820513,0.0108044149542245,0.0350495308026162,0,0.0900322921692831,NaN,0.55,0.00458683983092864,0.0512820512820513,0.0118378713577671,0.0905297135073811,0.1,400,375,1150,1150,511,639,477,82,100,82,27912,0,410,410,410,410,390,390,390,390,390,0,20
LIRCMOP7_BC,1,413,405,1,0.81,405,0,0.00264129297536596,0.00818562112066087,405,20,3,0.0212008585038999,7.90123456790123,0.403578380924986,1.13068432874387,0,19,1,20,4,0.0493827160493827,0.0214231668926151,0.0248701468503018,0,0.0403399224394788,NaN,0.5,-8.92999591496912e-05,0.0740740740740741,0.0283328599872401,0.0405985253117109,0.2,400,390,1180,1180,522,658,491,84,100,84,28952,0,420,420,420,420,405,405,405,405,405,0,20
LIRCMOP7_BC,1,414,420,1,0.84,420,0,0.00171909709683956,0.00462299603586551,420,20,3,0.0219860754855258,7.61904761904762,0.409333530738727,1.08911108306247,0,16,4,20,0,0.0476190476190476,0.0100319414563216,0.0196528826665154,0,0.0353759668235216,NaN,0.4,-0.0480203562301296,0,0.0179298183537254,0.0358272344325565,0,400,405,1210,1210,537,673,503,86,100,86,30639,0,430,430,430,430,420,420,420,420,420,0,20
LIRCMOP7_BC,1,415,425,1,0.85,425,0,0.00228845376120642,0.00695192378632125,425,20,3,0.0222478144794011,7.52941176470588,0.401811860120217,1.08911108306247,0,15,5,20,1,0.0470588235294118,0.0316299369689147,0.0423947173055606,0,0.0486010563487174,NaN,0.7,0.0289354386803966,0.0235294117647059,0.0383011496378113,0.0490112413170539,0.05,400,420,1240,1240,553,687,524,88,100,88,33588,0,440,440,440,440,425,425,425,425,425,0,20
LIRCMOP7_BC,1,416,381,1,0.77,381,0,0.00215352050252749,0.006716595033569,381,20,3,0.0199445113332984,8.3989501312336,0.385912221848288,1.08911108306247,0,20,0,20,14,0.05249343832021,0.0608350667023538,0.0781033815036826,0,0.105324278227776,NaN,0.45,-0.0162999796672734,0.246753246753247,0.0691253626763746,0.105429585883636,0.7,400,425,1250,1250,561,689,526,79,100,79,35845,0,395,395,395,395,381,381,381,381,381,0,20
LIRCMOP7_BC,1,417,422,1,0.85,422,0,0.00185209595677778,0.0055831185333019,422,20,3,0.022090771083076,7.58293838862559,0.401811860120217,1.08209743825534,0,15,5,20,5,0.0473933649289099,0.0465647713035396,0.0743178550214732,0,0.142267573418937,NaN,0.85,0.0470718289894441,0.117647058823529,0.054455158285243,0.142688025492855,0.25,400,381,1162,1162,516,646,485,88,100,88,28525,0,440,440,440,440,422,422,422,422,422,0,20
LIRCMOP7_BC,1,418,410,1,0.82,410,0,0.00210478246562416,0.00637250628523375,410,20,3,0.0214625974977752,7.80487804878049,0.387944648529734,0.962655074504599,0,18,2,20,18,0.0487804878048781,0.047765501257366,0.0582625339856692,0,0.096396770457128,NaN,0.45,-0.0071499839636297,0.219512195121951,0.0758802734806019,0.0965691150704799,0.9,400,422,1244,1244,563,681,524,84,100,84,32551,0,420,420,420,420,410,410,410,410,410,0,20
LIRCMOP7_BC,1,419,395,1,0.79,395,0,0.00178832873076303,0.00457860930407017,395,20,3,0.0206773805161493,8.10126582278481,0.403578380924986,1.08911108306247,0,20,0,20,2,0.0506329113924051,0.0370457654127227,0.0518774916480412,0,0.0554891910978736,NaN,0.45,-0.00628967952584192,0.0506329113924051,0.0424854268468931,0.0556699558128345,0.1,400,410,1220,1220,558,662,520,82,100,82,32296,0,410,410,410,410,395,395,395,395,395,0,20
LIRCMOP7_BC,1,420,350,1,0.7,350,0,0.00175297300802814,0.00536439309942098,350,20,3,0.0183217295712715,9.14285714285714,0.402695120522601,1.41898186974919,0,20,0,20,3,0.0571428571428571,0.0293756066540791,0.0414794267040573,0,0.045415154293652,NaN,0.5,0.00935888801250123,0.0857142857142857,0.0321249694197719,0.0456288288620576,0.15,400,395,1190,1190,544,646,499,74,100,74,33766,12,370,370,370,370,350,350,350,350,350,0,20
LIRCMOP7_BC,1,421,365,1,0.73,365,0,0.00187873911703622,0.00629035068827171,365,20,3,0.0191069465528974,8.76712328767123,0.385912221848288,1.47335694267225,0,20,0,20,4,0.0547945205479452,0.0374283071222835,0.0427542612235872,0,0.0636856402778433,NaN,0.4,-0.0189267984377793,0.10958904109589,0.0528984541392986,0.0637385801663426,0.2,400,350,1100,1100,509,591,456,78,100,78,26150,0,390,390,390,390,365,365,365,365,365,0,20
LIRCMOP7_BC,1,422,375,1,0.75,375,0,0.00183535670929925,0.00571961992785151,375,20,3,0.0196304245406481,8.53333333333333,0.385912221848288,1.08911108306247,0,20,0,20,0,0.0533333333333333,0.0178374665515117,0.0230603493248264,0,0.0270334901861743,NaN,0.45,-0.0128442207881988,0,0.021971710240099,0.0271845778424609,0,400,365,1130,1130,522,608,476,79,100,79,27184,0,395,395,395,395,375,375,375,375,375,0,20
LIRCMOP7_BC,1,423,395,1,0.79,395,0,0.00235341961365993,0.00595467155805009,395,20,3,0.0206773805161493,8.10126582278481,0.401811860120217,1.36460679682614,0,20,0,20,2,0.0506329113924051,0.0384794226358549,0.0510618046789459,0,0.0531655855236337,NaN,0.55,0.00367323435632555,0.0379746835443038,0.0426298145804375,0.053518615421895,0.1,400,375,1150,1150,518,632,484,83,100,83,28874,0,415,415,415,415,395,395,395,395,395,0,20
LIRCMOP7_BC,1,424,400,1,0.8,400,0,0.00212044851285584,0.00628828751884121,400,20,3,0.0209391195100246,8,0.403578380924986,1.41898186974919,0,19,1,20,0,0.05,0.0217488785105425,0.0257651283932034,0,0.064499880595167,NaN,0.55,0.0183099904706566,0,0.0607722645906394,0.0646471685582204,0,400,395,1190,1190,554,636,501,85,100,85,29568,0,425,425,425,425,400,400,400,400,400,0,20
LIRCMOP7_BC,1,425,365,1,0.73,365,0,0.00178189938886883,0.00581205141293449,365,20,3,0.0191069465528974,8.76712328767123,0.387944648529734,1.47335694267225,0,20,0,20,4,0.0547945205479452,0.0240510408187642,0.0298939964146461,0,0.0360807945848884,NaN,0.55,0.0128649359342003,0.0821917808219178,0.0253943200954585,0.0362540211213278,0.2,400,400,1200,1200,550,650,511,78,100,78,32595,0,390,390,390,390,365,365,365,365,365,0,20
LIRCMOP7_BC,1,426,365,1,0.73,365,0,0.00166746861791463,0.00448130355404217,365,20,3,0.0191069465528974,8.76712328767123,0.403578380924986,1.36460679682614,0,20,0,20,1,0.0547945205479452,0.0160416130256487,0.0244175130274276,0,0.037914265043868,NaN,0.6,0.0171877342513051,0.0273972602739726,0.0184481948478912,0.0379222837943974,0.05,400,365,1130,1130,516,614,475,77,100,77,29015,0,385,385,385,385,365,365,365,365,365,0,20
LIRCMOP7_BC,1,427,390,1,0.78,390,0,0.00194455915480572,0.00504580421384622,390,20,3,0.020415641522274,8.2051282051282,0.411064657228912,1.36460679682614,0,20,0,20,2,0.0512820512820513,0.0135742720588535,0.0215482528952052,0,0.0562175369010979,NaN,0.65,0.00882076788307598,0.0512820512820513,0.0180749852703083,0.0564012899566277,0.1,400,365,1130,1130,519,611,477,83,100,83,27013,0,415,415,415,415,390,390,390,390,390,0,20
LIRCMOP7_BC,1,428,397,1,0.81,397,0,0.00174392813815154,0.00542982635333964,397,20,3,0.0207820761136994,8.06045340050378,0.403578380924986,1.206805552345,0,18,2,20,1,0.0503778337531486,0.00690768605110033,0.00933228482117818,0,0.0317249244279135,NaN,0.7,0.0706801113473668,0.0246913580246914,0.0102390530527453,0.0320088226460167,0.05,400,390,1180,1180,545,635,499,83,100,83,29177,0,415,415,415,415,397,397,397,397,397,0,20
LIRCMOP7_BC,1,429,420,1,0.84,420,0,0.00211391733445338,0.00635834918625076,420,20,3,0.0219860754855258,7.61904761904762,0.403578380924986,1.22632061606729,0,16,4,20,0,0.0476190476190476,0.00831805618220046,0.0115919354968744,0,0.0288799228123565,NaN,0.55,0.0208137877513577,0,0.0159803295943192,0.0291552658893904,0,400,397,1194,1194,549,645,506,86,100,86,29681,0,430,430,430,430,420,420,420,420,420,0,20
LIRCMOP7_BC,1,430,380,1,0.76,380,0,0.00174165369193794,0.00553764481998516,380,20,3,0.0198921635345234,8.42105263157895,0.415026651170888,1.36460679682614,0,20,0,20,0,0.0526315789473684,0.00755437480670268,0.00977788027813295,0,0.0275970928037194,NaN,0.65,0.0178291230229409,0,0.0179068403637786,0.0277297289384309,0,400,420,1240,1240,565,675,528,79,100,79,35010,0,395,395,395,395,380,380,380,380,380,0,20
LIRCMOP7_BC,1,431,375,1,0.75,375,0,0.00180227836988609,0.0057827303489774,375,20,3,0.0196304245406481,8.53333333333333,0.378522000735167,1.36460679682614,0,20,0,20,0,0.0533333333333333,0.0133596444035541,0.0202234790742712,0,0.0290803403804528,NaN,0.45,-0.0169354314409657,0,0.0139374455512511,0.0295688036861496,0,400,380,1160,1160,526,634,484,79,100,79,29269,1,395,395,395,395,375,375,375,375,375,0,20
LIRCMOP7_BC,1,432,366,1,0.74,366,0,0.0017519909592443,0.00556401269311034,366,20,3,0.0191592943516725,8.7431693989071,0.426474921416791,1.36460679682614,0,20,0,20,0,0.0546448087431694,0.0158049677083114,0.0206839635782915,0,0.0272324371237387,NaN,0.5,0.000469244208964575,0,0.017693914430685,0.0274923278980307,0,400,375,1150,1150,513,637,484,79,100,79,28915,0,395,395,395,395,366,366,366,366,366,0,20
LIRCMOP7_BC,1,433,427,1,0.86,427,0,0.00222504584571964,0.00727168136472658,427,20,3,0.0223525100769513,7.49414519906323,0.387944648529734,1.22583585824528,0,12,8,20,18,0.0468384074941452,0.0360356979892652,0.0409601720347083,0,0.0462837578810129,NaN,0.65,0.0544412816090469,0.209302325581395,0.0385337002111597,0.0464254524658324,0.9,400,366,1132,1132,504,628,463,88,100,88,26312,5,440,440,440,440,427,427,427,427,427,0,20
LIRCMOP7_BC,1,434,390,1,0.78,390,0,0.00184881632192085,0.00595106385363006,390,20,3,0.020415641522274,8.2051282051282,0.391050190830076,1.36460679682614,0,19,1,20,0,0.0512820512820513,0.0152124289087652,0.0258365545789548,0,0.0264025253997331,NaN,0.65,0.013665153956452,0,0.0164363146486833,0.0267053146636924,0,400,427,1254,1254,575,679,535,82,100,82,34261,0,410,410,410,410,390,390,390,390,390,0,20
LIRCMOP7_BC,1,435,355,1,0.71,355,0,0.00198893221971228,0.00576357966848116,355,20,3,0.0185834685651468,9.01408450704225,0.426474921416791,1.22583585824528,0,20,0,20,0,0.0563380281690141,0.022603927868624,0.0310425293005064,0,0.0318667001096275,NaN,0.5,0.00206057524936365,0,0.0246504803547259,0.0319134400353684,0,400,390,1180,1180,526,654,501,76,100,76,32105,0,380,380,380,380,355,355,355,355,355,0,20
LIRCMOP7_BC,1,436,366,1,0.74,366,0,0.00181653606694396,0.00589199293010949,366,20,3,0.0191592943516725,8.7431693989071,0.424361237280224,1.22583585824528,0,20,0,20,8,0.0546448087431694,0.0349629410900442,0.0475135676733346,0,0.0479074223061756,NaN,0.45,-0.0227177972418804,0.148648648648649,0.0378625539553068,0.0479770400461341,0.4,400,355,1110,1110,499,611,465,79,100,79,27847,7,395,395,395,395,366,366,366,366,366,0,20
LIRCMOP7_BC,1,437,407,1,0.82,407,0,0.00195377136265563,0.00592600241613422,407,20,3,0.02130555410145,7.86240786240786,0.416855201357238,1.36460679682614,0,15,5,20,10,0.0491400491400491,0.054386706385096,0.0662229222881338,0,0.0664421149076203,NaN,0.5,0.00504278090265303,0.0975609756097561,0.0562179439423061,0.0665287710460531,0.5,400,366,1132,1132,519,613,478,85,100,85,26059,6,425,425,425,425,407,407,407,407,407,0,20
LIRCMOP7_BC,1,438,360,1,0.72,360,0,0.0017077971632658,0.00541762023560949,360,20,3,0.0188452075590221,8.88888888888889,0.415026651170888,1.47335694267225,0,20,0,20,10,0.0555555555555556,0.0409973364998047,0.0889277095550622,0,0.0914867170976298,NaN,0.5,0.000417083168425703,0.222222222222222,0.0418473775121572,0.0916167295954898,0.5,400,407,1214,1214,555,659,520,76,100,76,37559,0,380,380,380,380,360,360,360,360,360,0,20
LIRCMOP7_BC,1,439,375,1,0.75,375,0,0.00197932647346188,0.00555699953132542,375,20,3,0.0196304245406481,8.53333333333333,0.387944648529734,1.36460679682614,0,20,0,20,3,0.0533333333333333,0.0244029816664575,0.035659312444277,0,0.0362510285407597,NaN,0.5,-0.00138008346617363,0.08,0.0262957750215552,0.0362960631174845,0.15,400,360,1120,1120,493,627,468,80,100,80,27177,0,400,400,400,400,375,375,375,375,375,0,20
LIRCMOP7_BC,1,440,385,1,0.77,385,0,0.00175279210263077,0.00559128495283989,385,20,3,0.0201539025283987,8.31168831168831,0.426474921416791,1.56711979905733,0,20,0,20,3,0.051948051948052,0.0240344392437772,0.0323155918006339,0,0.0324009075640781,NaN,0.55,0.0208876074885212,0.0779220779220779,0.0241867680978696,0.0324733019214851,0.15,400,375,1150,1150,513,637,483,82,100,82,28369,2,410,410,410,405,385,385,385,385,385,0,20
LIRCMOP7_BC,1,441,385,1,0.77,385,0,0.00183644427265337,0.0065282383498644,385,20,3,0.0201539025283987,8.31168831168831,0.416855201357238,1.36460679682614,0,20,0,20,2,0.051948051948052,0.0188575209449239,0.0331969206693573,0,0.0339201837754996,NaN,0.55,0.0103284862898383,0.038961038961039,0.0192411922927674,0.034094728508629,0.1,400,385,1170,1170,527,643,493,81,100,81,30900,4,405,405,405,405,385,385,385,385,385,0,20
LIRCMOP7_BC,1,442,380,1,0.76,380,0,0.00185481599997307,0.00572288353904075,380,20,3,0.0198921635345234,8.42105263157895,0.431590783713847,1.56711979905733,0,20,0,20,5,0.0526315789473684,0.0306010730508141,0.0763002928522507,0,0.0804587919934926,NaN,0.55,0.0140726489206257,0.0789473684210526,0.0317385202248585,0.0805795589631483,0.25,400,385,1170,1170,525,645,488,79,100,79,29793,0,395,395,395,395,380,380,380,380,380,0,20
LIRCMOP7_BC,1,443,390,1,0.78,390,0,0.00161343773773539,0.00441327368949322,390,20,3,0.020415641522274,8.2051282051282,0.430834955646824,1.36460679682614,0,20,0,20,0,0.0512820512820513,0.013640809296772,0.0281878843739505,0,0.0281878843739505,NaN,0.55,0.0184593759043566,0,0.0147937244944683,0.0283690015191279,0,400,380,1160,1160,516,644,480,82,100,82,28703,2,410,410,410,405,390,390,390,390,390,0,20
LIRCMOP7_BC,1,444,350,1,0.7,350,0,0.00151620242639227,0.00494112410405339,350,20,3,0.0183217295712715,9.14285714285714,0.415026651170888,1.29700738425174,0,20,0,20,0,0.0571428571428571,0.0110721928369994,0.024227131240194,0,0.0244187757220109,NaN,0.8,0.0587179019809189,0,0.0123514139948041,0.0244326418273479,0,400,390,1180,1180,534,646,497,74,100,74,35726,4,370,370,370,370,350,350,350,350,350,0,20
LIRCMOP7_BC,1,445,380,1,0.76,380,0,0.00186800651909016,0.0061415893695803,380,20,3,0.0198921635345234,8.42105263157895,0.442501164816738,1.36460679682614,0,20,0,20,1,0.0526315789473684,0.0483360704290921,0.0540089400804161,0,0.0590631112073846,NaN,0.55,0.00736430480368913,0.0263157894736842,0.0502976169696587,0.0592666658269146,0.05,400,350,1100,1100,479,621,457,80,100,80,25634,0,400,400,400,400,380,380,380,380,380,0,20
LIRCMOP7_BC,1,446,350,1,0.7,350,0,0.00158969394479357,0.00527645771472155,350,20,3,0.0183217295712715,9.14285714285714,0.453689173579566,1.46586329794173,0,20,0,20,5,0.0571428571428571,0.0501016018287872,0.11677845681793,0,0.1408630555309,NaN,0.55,0.0438172178447105,0.128571428571429,0.051508089171746,0.141503891062117,0.25,400,380,1160,1160,507,653,484,77,100,77,30023,0,385,385,385,385,350,350,350,350,350,0,20
LIRCMOP7_BC,1,447,400,1,0.8,400,0,0.00131766016113488,0.00450899692315161,400,20,3,0.0209391195100246,8,0.457571007402511,1.22762191496131,0,18,2,20,5,0.05,0.0258715148473268,0.0986530300129104,0,0.123834484326924,NaN,0.55,0.00862628546017888,0.1,0.0292308519722525,0.124470679138037,0.25,400,350,1100,1100,500,600,456,83,100,83,24735,0,415,415,415,415,400,400,400,400,400,0,20
LIRCMOP7_BC,1,448,395,1,0.79,395,0,0.00198364266492927,0.00591778199365655,395,20,3,0.0206773805161493,8.10126582278481,0.462682403684593,1.22940797167733,0,19,1,20,5,0.0506329113924051,0.0281776739559763,0.146984761336379,0,0.17813345315204,NaN,0.3,-0.0106792292402914,0.0886075949367089,0.0302861476809853,0.178691373841499,0.25,400,400,1200,1200,534,666,508,82,100,82,31357,12,410,410,410,410,395,395,395,395,395,0,20
LIRCMOP7_BC,1,449,375,1,0.75,375,0,0.00150673578384333,0.00528356690403796,375,20,3,0.0196304245406481,8.53333333333333,0.457571007402511,1.22940797167733,0,20,0,20,11,0.0533333333333333,0.0673437633517093,0.093919219069952,0,0.0965761856527221,NaN,0.6,0.0280697094723963,0.146666666666667,0.0693767682705974,0.0970318196534067,0.55,400,395,1190,1190,543,647,495,78,100,78,30695,3,390,390,390,390,375,375,375,375,375,0,20
LIRCMOP7_BC,1,450,385,1,0.77,385,0,0.00164000017009424,0.00545814628594984,385,20,3,0.0201539025283987,8.31168831168831,0.462682403684593,1.36460679682614,0,20,0,20,3,0.051948051948052,0.0253609167940892,0.0515764927549517,0,0.0569844189334584,NaN,0.55,0.0153843329924002,0.0779220779220779,0.0268815668174648,0.0572069619399166,0.15,400,375,1150,1150,513,637,479,80,100,80,27995,0,400,400,400,400,385,385,385,385,385,0,20
LIRCMOP7_BC,1,451,400,1,0.8,400,0,0.00192049809050857,0.00589138318402472,400,20,3,0.0209391195100246,8,0.435194989876856,1.29700738425174,0,18,2,20,5,0.05,0.034114531308791,0.051970591609397,0,0.0525344823296294,NaN,0.65,0.0140333471724353,0.1,0.0342563088287369,0.052599947372727,0.25,400,385,1170,1170,516,654,484,83,100,83,29962,15,415,415,415,415,400,400,400,400,400,0,20
LIRCMOP7_BC,1,452,380,1,0.76,380,0,0.00169727497459294,0.00611999420572133,380,20,3,0.0198921635345234,8.42105263157895,0.430834955646824,1.36460679682614,0,20,0,20,0,0.0526315789473684,0.0208483210044252,0.0413326819799518,0,0.0450014073444292,NaN,0.6,0.0206856838897749,0,0.0216926663524827,0.0451787850099038,0,400,400,1200,1200,545,655,507,81,100,81,33540,1,405,405,405,405,380,380,380,380,380,0,20
LIRCMOP7_BC,1,453,365,1,0.73,365,0,0.00206387889376191,0.00640302476885251,365,20,3,0.0191069465528974,8.76712328767123,0.462682403684593,1.56711979905733,0,20,0,20,6,0.0547945205479452,0.0234848420774929,0.0313457887151269,0,0.0329926523418927,NaN,0.55,0.00662030158554719,0.123287671232877,0.0249314142945683,0.0331407783532013,0.3,400,380,1160,1160,519,641,484,79,100,79,28193,0,395,395,395,395,365,365,365,365,365,0,20
LIRCMOP7_BC,1,454,371,1,0.75,371,0,0.00228356657370048,0.00704343475128901,371,20,3,0.0194210333455478,8.62533692722372,0.457571007402511,1.22583585824528,0,20,0,20,1,0.0539083557951483,0.0456037439742183,0.0551300027668772,0,0.0557183950096208,NaN,0.5,0.000946141900811215,0.0266666666666667,0.046051053939609,0.0558142072805455,0.05,400,365,1130,1130,500,630,463,79,100,79,27767,3,395,395,395,395,371,371,371,371,371,0,20
LIRCMOP7_BC,1,455,405,1,0.81,405,0,0.00265898349075681,0.00775114652742447,405,20,3,0.0212008585038999,7.90123456790123,0.44980733975662,1.2229050530514,0,17,3,20,5,0.0493827160493827,0.0338654443298628,0.0431687864812963,0,0.0433136742697555,NaN,0.5,-0.00258930516035485,0.0617283950617284,0.0359641319974383,0.0433401425397208,0.25,400,371,1142,1142,506,636,472,85,100,85,27492,3,425,425,425,425,405,405,405,405,405,0,20
LIRCMOP7_BC,1,456,385,1,0.77,385,0,0.00174654427115248,0.00552061586165957,385,20,3,0.0201539025283987,8.31168831168831,0.455775753839586,1.36460679682614,0,20,0,20,3,0.051948051948052,0.0112298034298122,0.0791620069048581,0,0.096847708645338,NaN,0.5,0.00464293584182679,0.0779220779220779,0.0146036465397697,0.0972677284932921,0.15,400,405,1210,1210,540,670,510,81,100,81,33364,0,405,405,405,405,385,385,385,385,385,0,20
